1.00 0.86 1.12 1.26 1.35 1.39 1.41 1.41 1.41 1.41 1.41 1.41 1.41 1.41 1.41 1.41 1.41 1.41 
2.00 1.04 1.27 1.41 1.50 1.55 1.57 1.58 1.58 1.58 1.58 1.58 1.58 1.58 1.58 1.58 1.58 1.58 
2.00 1.15 1.40 1.55 1.65 1.70 1.72 1.73 1.73 1.73 1.73 1.73 1.73 1.73 1.73 1.73 1.73 1.73 
2.00 1.20 1.49 1.65 1.76 1.81 1.84 1.84 1.85 1.85 1.85 1.85 1.85 1.85 1.85 1.85 1.85 1.85 
2.00 1.23 1.54 1.72 1.83 1.88 1.91 1.92 1.92 1.93 1.93 1.93 1.93 1.93 1.93 1.93 1.93 1.93 
2.00 1.25 1.57 1.75 1.87 1.93 1.95 1.96 1.97 1.97 1.97 1.97 1.97 1.97 1.97 1.97 1.97 1.97 
2.00 1.26 1.58 1.77 1.88 1.95 1.97 1.98 1.99 1.99 1.99 1.99 1.99 1.99 1.99 1.99 1.99 1.99 
2.00 1.26 1.59 1.78 1.89 1.95 1.98 1.99 1.99 2.00 2.00 2.00 2.00 2.00 2.00 2.00 2.00 2.00 
2.00 1.26 1.59 1.78 1.90 1.96 1.98 1.99 2.00 2.00 2.00 2.00 2.00 2.00 2.00 2.00 2.00 2.00 
2.00 1.26 1.59 1.78 1.90 1.96 1.99 2.00 2.00 2.00 2.00 2.00 2.00 2.00 2.00 2.00 2.00 2.00 
2.00 1.26 1.59 1.78 1.90 1.96 1.99 2.00 2.00 2.00 2.00 2.00 2.00 2.00 2.00 2.00 2.00 2.00 
2.00 1.27 1.60 1.79 1.91 1.97 2.00 2.01 2.01 2.01 2.01 2.01 2.01 2.01 2.01 2.01 2.01 2.01 
2.00 1.27 1.61 1.81 1.93 1.99 2.02 2.03 2.03 2.03 2.03 2.03 2.03 2.03 2.03 2.03 2.03 2.03 
2.00 1.29 1.64 1.84 1.97 2.03 2.06 2.07 2.07 2.07 2.07 2.07 2.07 2.07 2.07 2.07 2.07 2.07 
2.00 1.32 1.69 1.91 2.04 2.10 2.13 2.15 2.15 2.15 2.15 2.15 2.15 2.15 2.15 2.15 2.15 2.15 
2.00 1.38 1.78 2.01 2.15 2.22 2.25 2.26 2.27 2.27 2.27 2.27 2.27 2.27 2.27 2.27 2.27 2.27 
2.00 1.48 1.90 2.14 2.29 2.37 2.40 2.41 2.42 2.42 2.42 2.42 2.42 2.42 2.42 2.42 2.42 2.42 
3.00 1.69 2.09 2.32 2.47 2.54 2.57 2.58 2.58 2.58 2.59 2.59 2.59 2.59 2.59 2.59 2.59 2.59 
