1.00 0.83 1.08 1.22 1.32 1.38 1.40 1.42 1.42 1.43 1.43 1.43 1.43 1.43 1.43 1.43 1.43 1.43 
2.00 1.01 1.22 1.35 1.45 1.51 1.54 1.56 1.57 1.57 1.57 1.57 1.57 1.57 1.57 1.57 1.57 1.57 
2.00 1.10 1.33 1.47 1.57 1.64 1.67 1.69 1.70 1.70 1.70 1.70 1.70 1.70 1.70 1.70 1.70 1.70 
2.00 1.16 1.41 1.56 1.68 1.74 1.78 1.80 1.81 1.81 1.81 1.81 1.81 1.81 1.81 1.81 1.81 1.81 
2.00 1.19 1.46 1.63 1.75 1.82 1.86 1.88 1.89 1.89 1.89 1.89 1.89 1.89 1.89 1.89 1.89 1.89 
2.00 1.20 1.49 1.67 1.79 1.87 1.91 1.93 1.94 1.94 1.94 1.95 1.95 1.95 1.95 1.95 1.95 1.95 
2.00 1.21 1.51 1.69 1.82 1.90 1.94 1.96 1.97 1.97 1.97 1.97 1.97 1.97 1.97 1.97 1.97 1.97 
2.00 1.22 1.52 1.70 1.83 1.91 1.95 1.98 1.98 1.99 1.99 1.99 1.99 1.99 1.99 1.99 1.99 1.99 
2.00 1.22 1.52 1.71 1.84 1.92 1.96 1.98 1.99 2.00 2.00 2.00 2.00 2.00 2.00 2.00 2.00 2.00 
2.00 1.22 1.53 1.71 1.84 1.92 1.97 1.99 2.00 2.00 2.00 2.00 2.00 2.00 2.00 2.00 2.00 2.00 
2.00 1.22 1.53 1.72 1.85 1.93 1.97 2.00 2.01 2.01 2.01 2.01 2.01 2.01 2.01 2.01 2.01 2.01 
2.00 1.23 1.54 1.73 1.86 1.95 1.99 2.01 2.02 2.02 2.02 2.03 2.03 2.03 2.03 2.03 2.03 2.03 
2.00 1.24 1.56 1.75 1.89 1.97 2.02 2.04 2.05 2.05 2.05 2.05 2.05 2.05 2.05 2.05 2.05 2.05 
2.00 1.26 1.59 1.79 1.94 2.02 2.07 2.09 2.10 2.10 2.11 2.11 2.11 2.11 2.11 2.11 2.11 2.11 
2.00 1.29 1.64 1.86 2.01 2.10 2.15 2.17 2.18 2.18 2.19 2.19 2.19 2.19 2.19 2.19 2.19 2.19 
2.00 1.34 1.72 1.95 2.11 2.20 2.25 2.28 2.29 2.29 2.30 2.30 2.30 2.30 2.30 2.30 2.30 2.30 
2.00 1.44 1.83 2.07 2.23 2.33 2.39 2.41 2.42 2.43 2.43 2.43 2.43 2.43 2.43 2.43 2.43 2.43 
3.00 1.63 1.99 2.22 2.38 2.48 2.53 2.56 2.57 2.57 2.57 2.57 2.57 2.57 2.57 2.57 2.57 2.57 
