0.00 0.21 0.30 0.35 0.38 0.41 0.42 0.43 0.44 0.44 0.44 0.44 0.44 0.44 0.44 0.44 0.44 0.44 
1.00 0.38 0.43 0.46 0.49 0.52 0.54 0.55 0.55 0.56 0.56 0.56 0.56 0.56 0.56 0.56 0.56 0.56 
1.00 0.47 0.52 0.56 0.59 0.62 0.64 0.65 0.66 0.67 0.67 0.67 0.67 0.67 0.67 0.67 0.67 0.67 
1.00 0.51 0.59 0.64 0.68 0.71 0.74 0.75 0.76 0.76 0.76 0.77 0.77 0.77 0.77 0.77 0.77 0.77 
1.00 0.54 0.64 0.70 0.75 0.79 0.81 0.83 0.84 0.84 0.84 0.84 0.85 0.85 0.85 0.85 0.85 0.85 
1.00 0.56 0.67 0.74 0.80 0.84 0.87 0.89 0.90 0.90 0.90 0.90 0.90 0.90 0.90 0.90 0.90 0.90 
1.00 0.57 0.69 0.77 0.83 0.88 0.91 0.93 0.94 0.94 0.94 0.95 0.95 0.95 0.95 0.95 0.95 0.95 
1.00 0.58 0.71 0.79 0.85 0.90 0.93 0.95 0.96 0.97 0.97 0.97 0.97 0.97 0.97 0.97 0.97 0.97 
1.00 0.58 0.72 0.80 0.87 0.92 0.95 0.97 0.98 0.99 0.99 0.99 0.99 0.99 0.99 0.99 0.99 0.99 
1.00 0.59 0.72 0.81 0.88 0.93 0.97 0.99 1.00 1.00 1.01 1.01 1.01 1.01 1.01 1.01 1.01 1.01 
1.00 0.59 0.73 0.82 0.90 0.95 0.98 1.00 1.02 1.02 1.02 1.03 1.03 1.03 1.03 1.03 1.03 1.03 
1.00 0.60 0.75 0.84 0.92 0.97 1.01 1.03 1.04 1.05 1.05 1.05 1.05 1.05 1.05 1.05 1.05 1.05 
1.00 0.61 0.77 0.87 0.95 1.01 1.05 1.07 1.08 1.09 1.09 1.09 1.09 1.10 1.10 1.10 1.10 1.10 
1.00 0.63 0.80 0.91 1.00 1.06 1.10 1.13 1.14 1.15 1.15 1.15 1.15 1.15 1.15 1.15 1.15 1.15 
1.00 0.66 0.85 0.98 1.07 1.14 1.18 1.21 1.22 1.23 1.23 1.23 1.23 1.23 1.23 1.23 1.23 1.23 
1.00 0.70 0.92 1.06 1.16 1.23 1.27 1.30 1.32 1.32 1.33 1.33 1.33 1.33 1.33 1.33 1.33 1.33 
1.00 0.79 1.01 1.15 1.26 1.33 1.38 1.41 1.43 1.43 1.44 1.44 1.44 1.44 1.44 1.44 1.44 1.44 
2.00 0.97 1.15 1.27 1.37 1.45 1.50 1.53 1.54 1.55 1.56 1.56 1.56 1.56 1.56 1.56 1.56 1.56 
