2.00 1.44 1.84 2.08 2.25 2.34 2.39 2.41 2.42 2.43 2.43 2.43 2.43 2.43 2.43 2.43 2.43 2.43 
3.00 1.62 1.98 2.21 2.37 2.47 2.53 2.55 2.56 2.57 2.57 2.57 2.57 2.57 2.57 2.57 2.57 2.57 
3.00 1.71 2.09 2.33 2.50 2.60 2.66 2.69 2.70 2.70 2.70 2.70 2.70 2.70 2.70 2.70 2.70 2.70 
3.00 1.77 2.17 2.42 2.60 2.71 2.77 2.79 2.81 2.81 2.81 2.81 2.81 2.81 2.81 2.81 2.81 2.81 
3.00 1.80 2.22 2.48 2.67 2.78 2.84 2.87 2.89 2.89 2.89 2.89 2.89 2.89 2.89 2.89 2.89 2.89 
3.00 1.81 2.25 2.52 2.71 2.83 2.89 2.92 2.94 2.94 2.94 2.95 2.95 2.95 2.95 2.95 2.95 2.95 
3.00 1.82 2.27 2.55 2.74 2.86 2.92 2.95 2.97 2.97 2.97 2.97 2.97 2.97 2.97 2.97 2.97 2.97 
3.00 1.83 2.28 2.56 2.75 2.87 2.94 2.97 2.98 2.99 2.99 2.99 2.99 2.99 2.99 2.99 2.99 2.99 
3.00 1.83 2.28 2.56 2.76 2.88 2.94 2.98 2.99 2.99 3.00 3.00 3.00 3.00 3.00 3.00 3.00 3.00 
3.00 1.83 2.29 2.57 2.77 2.88 2.95 2.98 2.99 3.00 3.00 3.00 3.00 3.00 3.00 3.00 3.00 3.00 
3.00 1.83 2.29 2.57 2.77 2.89 2.96 2.99 3.00 3.01 3.01 3.01 3.01 3.01 3.01 3.01 3.01 3.01 
3.00 1.84 2.30 2.59 2.78 2.91 2.97 3.00 3.02 3.02 3.02 3.03 3.03 3.03 3.03 3.03 3.03 3.03 
3.00 1.85 2.32 2.61 2.81 2.93 3.00 3.03 3.05 3.05 3.05 3.05 3.05 3.05 3.05 3.05 3.05 3.05 
3.00 1.87 2.35 2.65 2.86 2.98 3.05 3.08 3.10 3.10 3.11 3.11 3.11 3.11 3.11 3.11 3.11 3.11 
3.00 1.90 2.40 2.71 2.93 3.06 3.13 3.16 3.18 3.18 3.19 3.19 3.19 3.19 3.19 3.19 3.19 3.19 
3.00 1.95 2.48 2.81 3.03 3.16 3.24 3.27 3.29 3.29 3.29 3.30 3.30 3.30 3.30 3.30 3.30 3.30 
3.00 2.05 2.59 2.93 3.16 3.29 3.37 3.40 3.42 3.43 3.43 3.43 3.43 3.43 3.43 3.43 3.43 3.43 
4.00 2.24 2.76 3.08 3.31 3.45 3.52 3.55 3.57 3.57 3.57 3.57 3.57 3.57 3.57 3.57 3.57 3.57 
