4.00 2.47 3.02 3.38 3.69 3.93 4.11 4.24 4.32 4.38 4.41 4.43 4.44 4.45 4.45 4.45 4.45 4.45 
5.00 2.63 3.13 3.47 3.77 4.01 4.19 4.32 4.41 4.47 4.50 4.52 4.54 4.54 4.54 4.55 4.55 4.55 
5.00 2.71 3.22 3.55 3.85 4.09 4.28 4.41 4.50 4.56 4.59 4.61 4.63 4.63 4.64 4.64 4.64 4.64 
5.00 2.75 3.28 3.62 3.92 4.17 4.35 4.49 4.58 4.64 4.68 4.70 4.71 4.71 4.72 4.72 4.72 4.72 
5.00 2.78 3.32 3.67 3.98 4.23 4.42 4.55 4.65 4.71 4.75 4.77 4.78 4.78 4.79 4.79 4.79 4.79 
5.00 2.79 3.35 3.71 4.02 4.28 4.47 4.61 4.70 4.76 4.80 4.82 4.83 4.84 4.84 4.84 4.84 4.84 
5.00 2.80 3.37 3.73 4.05 4.30 4.50 4.64 4.73 4.80 4.83 4.85 4.87 4.87 4.88 4.88 4.88 4.88 
5.00 2.80 3.37 3.74 4.06 4.32 4.51 4.65 4.75 4.81 4.84 4.87 4.88 4.88 4.89 4.89 4.89 4.89 
5.00 2.80 3.37 3.73 4.05 4.31 4.50 4.64 4.73 4.79 4.83 4.85 4.86 4.87 4.87 4.87 4.88 4.88 
5.00 2.79 3.35 3.71 4.02 4.27 4.46 4.59 4.69 4.75 4.78 4.80 4.82 4.82 4.83 4.83 4.83 4.83 
5.00 2.78 3.32 3.66 3.96 4.20 4.38 4.51 4.60 4.66 4.70 4.72 4.73 4.73 4.74 4.74 4.74 4.74 
5.00 2.75 3.27 3.59 3.87 4.10 4.27 4.39 4.47 4.53 4.56 4.58 4.59 4.59 4.60 4.60 4.60 4.60 
5.00 2.71 3.20 3.49 3.74 3.94 4.10 4.21 4.28 4.33 4.36 4.38 4.39 4.40 4.40 4.40 4.40 4.40 
5.00 2.66 3.10 3.35 3.57 3.74 3.87 3.97 4.04 4.08 4.10 4.12 4.13 4.13 4.13 4.13 4.13 4.13 
5.00 2.60 2.98 3.18 3.35 3.49 3.59 3.67 3.72 3.76 3.78 3.79 3.79 3.80 3.80 3.80 3.80 3.80 
5.00 2.54 2.84 2.98 3.10 3.20 3.27 3.32 3.36 3.38 3.40 3.41 3.41 3.41 3.41 3.41 3.41 3.41 
5.00 2.29 2.54 2.60 2.67 2.71 2.75 2.78 2.80 2.81 2.82 2.82 2.82 2.83 2.83 2.83 2.83 2.83 
5.00 5.00 5.00 5.00 5.00 5.00 5.00 5.00 5.00 5.00 5.00 5.00 5.00 5.00 5.00 5.00 5.00 5.00 
