2.00 1.32 1.63 1.83 2.00 2.13 2.24 2.31 2.37 2.40 2.42 2.44 2.45 2.45 2.45 2.45 2.45 2.45 
3.00 1.48 1.74 1.92 2.08 2.21 2.32 2.40 2.45 2.49 2.51 2.53 2.54 2.54 2.54 2.54 2.54 2.54 
3.00 1.56 1.83 2.00 2.16 2.29 2.40 2.48 2.54 2.57 2.60 2.61 2.62 2.63 2.63 2.63 2.63 2.63 
3.00 1.61 1.89 2.06 2.23 2.37 2.48 2.56 2.61 2.65 2.68 2.69 2.70 2.71 2.71 2.71 2.71 2.71 
3.00 1.63 1.93 2.12 2.29 2.43 2.54 2.63 2.68 2.73 2.75 2.77 2.78 2.78 2.78 2.79 2.79 2.79 
3.00 1.65 1.96 2.16 2.34 2.48 2.60 2.68 2.74 2.79 2.81 2.83 2.84 2.84 2.85 2.85 2.85 2.85 
3.00 1.66 1.98 2.19 2.37 2.53 2.64 2.73 2.79 2.84 2.86 2.88 2.89 2.90 2.90 2.90 2.90 2.90 
3.00 1.67 2.00 2.22 2.40 2.56 2.68 2.77 2.84 2.88 2.91 2.92 2.93 2.94 2.94 2.94 2.94 2.94 
3.00 1.68 2.02 2.24 2.43 2.59 2.71 2.81 2.87 2.92 2.94 2.96 2.97 2.98 2.98 2.98 2.98 2.98 
3.00 1.69 2.03 2.26 2.46 2.62 2.75 2.84 2.91 2.95 2.98 3.00 3.01 3.01 3.02 3.02 3.02 3.02 
3.00 1.69 2.05 2.28 2.48 2.65 2.78 2.87 2.94 2.99 3.02 3.03 3.04 3.05 3.05 3.05 3.06 3.06 
3.00 1.70 2.06 2.30 2.51 2.68 2.82 2.91 2.98 3.03 3.06 3.08 3.09 3.09 3.10 3.10 3.10 3.10 
3.00 1.72 2.09 2.34 2.55 2.73 2.86 2.96 3.03 3.08 3.11 3.13 3.14 3.15 3.15 3.15 3.15 3.15 
3.00 1.73 2.12 2.38 2.60 2.78 2.92 3.02 3.09 3.14 3.17 3.19 3.20 3.21 3.21 3.21 3.21 3.21 
3.00 1.76 2.16 2.43 2.66 2.84 2.98 3.09 3.16 3.21 3.24 3.26 3.27 3.28 3.28 3.28 3.29 3.29 
3.00 1.80 2.22 2.49 2.73 2.92 3.06 3.17 3.24 3.29 3.32 3.34 3.35 3.36 3.36 3.37 3.37 3.37 
3.00 1.88 2.30 2.58 2.81 3.00 3.14 3.25 3.33 3.38 3.41 3.43 3.44 3.45 3.45 3.45 3.45 3.45 
4.00 2.05 2.42 2.67 2.90 3.09 3.24 3.34 3.42 3.47 3.50 3.52 3.53 3.54 3.54 3.54 3.54 3.55 
