4.00 2.67 3.38 3.81 4.10 4.27 4.36 4.40 4.42 4.42 4.43 4.43 4.43 4.43 4.43 4.43 4.43 4.43 
5.00 2.84 3.50 3.92 4.21 4.39 4.49 4.54 4.56 4.57 4.57 4.57 4.57 4.57 4.57 4.57 4.57 4.57 
5.00 2.93 3.62 4.04 4.34 4.52 4.62 4.67 4.69 4.70 4.70 4.70 4.70 4.70 4.70 4.70 4.70 4.70 
5.00 2.99 3.70 4.13 4.44 4.63 4.73 4.78 4.80 4.81 4.81 4.81 4.81 4.81 4.81 4.81 4.81 4.81 
5.00 3.02 3.75 4.19 4.51 4.70 4.81 4.86 4.88 4.89 4.89 4.89 4.89 4.89 4.89 4.89 4.89 4.89 
5.00 3.04 3.78 4.23 4.56 4.75 4.86 4.91 4.93 4.94 4.94 4.94 4.95 4.95 4.95 4.95 4.95 4.95 
5.00 3.04 3.80 4.26 4.58 4.78 4.89 4.94 4.96 4.97 4.97 4.97 4.97 4.97 4.97 4.97 4.97 4.97 
5.00 3.05 3.80 4.27 4.59 4.79 4.90 4.95 4.97 4.98 4.99 4.99 4.99 4.99 4.99 4.99 4.99 4.99 
5.00 3.05 3.81 4.27 4.60 4.80 4.90 4.96 4.98 4.99 4.99 4.99 4.99 4.99 4.99 4.99 4.99 4.99 
5.00 3.05 3.80 4.27 4.59 4.79 4.90 4.95 4.97 4.98 4.98 4.99 4.99 4.99 4.99 4.99 4.99 4.99 
5.00 3.04 3.79 4.25 4.57 4.77 4.88 4.93 4.95 4.96 4.96 4.96 4.96 4.96 4.96 4.96 4.96 4.96 
5.00 3.03 3.76 4.21 4.53 4.72 4.83 4.88 4.90 4.91 4.91 4.91 4.91 4.91 4.91 4.91 4.91 4.91 
5.00 3.00 3.71 4.14 4.44 4.62 4.72 4.77 4.79 4.80 4.80 4.80 4.80 4.80 4.80 4.80 4.80 4.80 
5.00 2.94 3.60 3.99 4.27 4.44 4.53 4.57 4.59 4.60 4.60 4.60 4.60 4.60 4.60 4.60 4.60 4.60 
5.00 2.85 3.43 3.76 3.99 4.14 4.21 4.25 4.27 4.27 4.28 4.28 4.28 4.28 4.28 4.28 4.28 4.28 
5.00 2.73 3.19 3.43 3.60 3.71 3.76 3.79 3.80 3.81 3.81 3.81 3.81 3.81 3.81 3.81 3.81 3.81 
5.00 2.39 2.73 2.85 2.94 3.00 3.03 3.04 3.05 3.05 3.05 3.05 3.05 3.05 3.05 3.05 3.05 3.05 
5.00 5.00 5.00 5.00 5.00 5.00 5.00 5.00 5.00 5.00 5.00 5.00 5.00 5.00 5.00 5.00 5.00 5.00 
