3.00 1.94 2.41 2.72 2.96 3.14 3.26 3.34 3.39 3.42 3.43 3.44 3.44 3.44 3.45 3.45 3.45 3.45 
4.00 2.11 2.53 2.81 3.05 3.23 3.36 3.44 3.49 3.52 3.54 3.55 3.55 3.55 3.55 3.55 3.55 3.55 
4.00 2.19 2.62 2.91 3.15 3.33 3.46 3.54 3.60 3.63 3.64 3.65 3.65 3.66 3.66 3.66 3.66 3.66 
4.00 2.24 2.69 2.98 3.23 3.41 3.55 3.63 3.69 3.72 3.73 3.74 3.75 3.75 3.75 3.75 3.75 3.75 
4.00 2.26 2.73 3.04 3.29 3.48 3.62 3.71 3.76 3.80 3.81 3.82 3.82 3.83 3.83 3.83 3.83 3.83 
4.00 2.28 2.77 3.08 3.34 3.54 3.68 3.77 3.82 3.86 3.87 3.88 3.88 3.89 3.89 3.89 3.89 3.89 
4.00 2.29 2.79 3.11 3.38 3.58 3.72 3.81 3.87 3.90 3.92 3.93 3.93 3.93 3.93 3.93 3.93 3.93 
4.00 2.30 2.80 3.13 3.40 3.61 3.75 3.84 3.90 3.93 3.95 3.96 3.96 3.96 3.96 3.96 3.96 3.96 
4.00 2.31 2.82 3.15 3.42 3.63 3.77 3.87 3.92 3.96 3.97 3.98 3.99 3.99 3.99 3.99 3.99 3.99 
4.00 2.31 2.83 3.16 3.44 3.65 3.79 3.89 3.94 3.98 3.99 4.00 4.01 4.01 4.01 4.01 4.01 4.01 
4.00 2.32 2.84 3.18 3.46 3.67 3.81 3.91 3.97 4.00 4.02 4.03 4.03 4.03 4.03 4.03 4.04 4.04 
4.00 2.33 2.85 3.20 3.48 3.69 3.84 3.94 4.00 4.03 4.05 4.06 4.06 4.07 4.07 4.07 4.07 4.07 
4.00 2.34 2.87 3.23 3.52 3.73 3.88 3.98 4.04 4.08 4.10 4.10 4.11 4.11 4.11 4.11 4.11 4.11 
4.00 2.36 2.91 3.27 3.57 3.79 3.94 4.04 4.10 4.14 4.16 4.17 4.17 4.17 4.17 4.17 4.17 4.17 
4.00 2.38 2.95 3.33 3.63 3.86 4.01 4.12 4.18 4.21 4.23 4.24 4.25 4.25 4.25 4.25 4.25 4.25 
4.00 2.43 3.02 3.40 3.71 3.94 4.10 4.21 4.27 4.31 4.33 4.34 4.34 4.34 4.34 4.34 4.34 4.34 
4.00 2.52 3.11 3.50 3.81 4.04 4.20 4.31 4.37 4.41 4.43 4.44 4.44 4.45 4.45 4.45 4.45 4.45 
5.00 2.69 3.25 3.62 3.92 4.16 4.32 4.42 4.48 4.52 4.54 4.55 4.55 4.55 4.55 4.55 4.55 4.55 
