3.00 1.92 2.37 2.67 2.91 3.09 3.23 3.32 3.37 3.41 3.43 3.44 3.44 3.45 3.45 3.45 3.45 3.45 
4.00 2.08 2.49 2.76 2.99 3.18 3.31 3.41 3.47 3.51 3.53 3.54 3.54 3.55 3.55 3.55 3.55 3.55 
4.00 2.17 2.58 2.84 3.08 3.27 3.41 3.50 3.56 3.60 3.62 3.64 3.64 3.64 3.65 3.65 3.65 3.65 
4.00 2.21 2.64 2.92 3.16 3.35 3.49 3.59 3.65 3.69 3.71 3.72 3.73 3.73 3.73 3.74 3.74 3.74 
4.00 2.24 2.68 2.97 3.22 3.42 3.56 3.66 3.72 3.76 3.79 3.80 3.81 3.81 3.81 3.81 3.81 3.81 
4.00 2.25 2.71 3.01 3.27 3.47 3.62 3.72 3.78 3.82 3.85 3.86 3.87 3.87 3.87 3.87 3.87 3.87 
4.00 2.27 2.74 3.04 3.31 3.51 3.66 3.76 3.83 3.87 3.90 3.91 3.91 3.92 3.92 3.92 3.92 3.92 
4.00 2.27 2.75 3.07 3.33 3.54 3.69 3.80 3.87 3.91 3.93 3.94 3.95 3.95 3.96 3.96 3.96 3.96 
4.00 2.28 2.77 3.09 3.36 3.57 3.72 3.83 3.89 3.94 3.96 3.97 3.98 3.98 3.99 3.99 3.99 3.99 
4.00 2.29 2.78 3.10 3.38 3.59 3.74 3.85 3.92 3.96 3.99 4.00 4.01 4.01 4.01 4.01 4.01 4.01 
4.00 2.29 2.79 3.12 3.40 3.61 3.77 3.88 3.95 3.99 4.02 4.03 4.04 4.04 4.04 4.04 4.04 4.04 
4.00 2.30 2.81 3.14 3.42 3.64 3.80 3.91 3.98 4.03 4.05 4.07 4.07 4.08 4.08 4.08 4.08 4.08 
4.00 2.31 2.83 3.17 3.46 3.68 3.85 3.96 4.03 4.08 4.10 4.11 4.12 4.12 4.13 4.13 4.13 4.13 
4.00 2.33 2.86 3.22 3.51 3.74 3.90 4.02 4.09 4.14 4.16 4.18 4.18 4.19 4.19 4.19 4.19 4.19 
4.00 2.36 2.91 3.27 3.57 3.81 3.97 4.09 4.17 4.21 4.24 4.25 4.26 4.26 4.26 4.26 4.26 4.26 
4.00 2.40 2.97 3.34 3.65 3.89 4.06 4.18 4.25 4.30 4.32 4.34 4.35 4.35 4.35 4.35 4.35 4.35 
4.00 2.49 3.06 3.43 3.74 3.98 4.15 4.27 4.35 4.39 4.42 4.44 4.44 4.45 4.45 4.45 4.45 4.45 
5.00 2.66 3.19 3.54 3.85 4.08 4.26 4.38 4.45 4.50 4.52 4.54 4.54 4.55 4.55 4.55 4.55 4.55 
