1.00 0.81 1.04 1.19 1.29 1.36 1.40 1.42 1.43 1.43 1.43 1.43 1.44 1.44 1.44 1.44 1.44 1.44 
2.00 0.98 1.18 1.30 1.41 1.47 1.52 1.54 1.55 1.56 1.56 1.56 1.56 1.56 1.56 1.56 1.56 1.56 
2.00 1.07 1.28 1.41 1.52 1.59 1.64 1.66 1.67 1.68 1.68 1.68 1.68 1.68 1.68 1.68 1.68 1.68 
2.00 1.12 1.35 1.50 1.61 1.69 1.74 1.76 1.78 1.78 1.79 1.79 1.79 1.79 1.79 1.79 1.79 1.79 
2.00 1.15 1.40 1.56 1.68 1.76 1.81 1.84 1.86 1.86 1.87 1.87 1.87 1.87 1.87 1.87 1.87 1.87 
2.00 1.17 1.44 1.60 1.73 1.82 1.87 1.90 1.91 1.92 1.92 1.92 1.92 1.92 1.92 1.92 1.92 1.92 
2.00 1.18 1.46 1.63 1.76 1.85 1.90 1.93 1.95 1.96 1.96 1.96 1.96 1.96 1.96 1.96 1.96 1.96 
2.00 1.19 1.47 1.64 1.78 1.87 1.92 1.95 1.97 1.98 1.98 1.98 1.98 1.98 1.98 1.98 1.98 1.98 
2.00 1.19 1.47 1.65 1.79 1.88 1.94 1.97 1.98 1.99 1.99 1.99 1.99 1.99 1.99 1.99 1.99 1.99 
2.00 1.19 1.48 1.66 1.80 1.89 1.95 1.98 1.99 2.00 2.00 2.00 2.01 2.01 2.01 2.01 2.01 2.01 
2.00 1.20 1.49 1.67 1.81 1.90 1.96 1.99 2.01 2.01 2.02 2.02 2.02 2.02 2.02 2.02 2.02 2.02 
2.00 1.20 1.50 1.69 1.83 1.92 1.98 2.01 2.03 2.03 2.04 2.04 2.04 2.04 2.04 2.04 2.04 2.04 
2.00 1.21 1.52 1.71 1.86 1.96 2.01 2.05 2.06 2.07 2.07 2.08 2.08 2.08 2.08 2.08 2.08 2.08 
2.00 1.23 1.55 1.75 1.91 2.01 2.07 2.10 2.12 2.13 2.13 2.13 2.13 2.13 2.13 2.13 2.13 2.13 
2.00 1.26 1.60 1.82 1.98 2.08 2.15 2.18 2.20 2.21 2.21 2.21 2.21 2.21 2.21 2.21 2.21 2.21 
2.00 1.31 1.67 1.90 2.07 2.18 2.25 2.28 2.30 2.31 2.31 2.32 2.32 2.32 2.32 2.32 2.32 2.32 
2.00 1.40 1.78 2.01 2.18 2.30 2.36 2.40 2.42 2.43 2.43 2.44 2.44 2.44 2.44 2.44 2.44 2.44 
3.00 1.58 1.93 2.15 2.31 2.43 2.50 2.53 2.55 2.56 2.56 2.56 2.56 2.56 2.56 2.56 2.56 2.56 
