4.00 2.56 3.19 3.59 3.90 4.12 4.27 4.35 4.40 4.42 4.43 4.44 4.44 4.44 4.44 4.44 4.44 4.44 
5.00 2.72 3.30 3.69 4.00 4.22 4.37 4.46 4.51 4.54 4.55 4.55 4.56 4.56 4.56 4.56 4.56 4.56 
5.00 2.81 3.40 3.79 4.10 4.32 4.47 4.57 4.62 4.65 4.66 4.66 4.67 4.67 4.67 4.67 4.67 4.67 
5.00 2.86 3.47 3.87 4.18 4.41 4.57 4.66 4.71 4.74 4.76 4.76 4.76 4.77 4.77 4.77 4.77 4.77 
5.00 2.89 3.52 3.93 4.25 4.49 4.64 4.74 4.79 4.82 4.83 4.84 4.84 4.84 4.84 4.84 4.84 4.84 
5.00 2.90 3.55 3.97 4.30 4.54 4.70 4.79 4.85 4.88 4.89 4.90 4.90 4.90 4.90 4.90 4.90 4.90 
5.00 2.91 3.57 3.99 4.33 4.57 4.73 4.83 4.89 4.92 4.93 4.94 4.94 4.94 4.94 4.94 4.94 4.94 
5.00 2.92 3.58 4.01 4.35 4.59 4.75 4.85 4.91 4.93 4.95 4.96 4.96 4.96 4.96 4.96 4.96 4.96 
5.00 2.92 3.58 4.01 4.35 4.59 4.75 4.85 4.91 4.94 4.95 4.96 4.96 4.96 4.96 4.96 4.96 4.96 
5.00 2.91 3.57 4.00 4.33 4.57 4.73 4.83 4.89 4.91 4.93 4.93 4.94 4.94 4.94 4.94 4.94 4.94 
5.00 2.90 3.55 3.96 4.29 4.53 4.68 4.78 4.83 4.86 4.88 4.88 4.88 4.89 4.89 4.89 4.89 4.89 
5.00 2.88 3.51 3.90 4.22 4.44 4.59 4.69 4.74 4.77 4.78 4.78 4.79 4.79 4.79 4.79 4.79 4.79 
5.00 2.84 3.43 3.80 4.10 4.31 4.45 4.53 4.58 4.60 4.62 4.62 4.62 4.63 4.63 4.63 4.63 4.63 
5.00 2.79 3.33 3.65 3.91 4.10 4.22 4.29 4.34 4.36 4.37 4.38 4.38 4.38 4.38 4.38 4.38 4.38 
5.00 2.71 3.18 3.44 3.65 3.80 3.90 3.96 4.00 4.02 4.03 4.03 4.03 4.03 4.03 4.03 4.03 4.03 
5.00 2.62 2.99 3.18 3.33 3.43 3.51 3.55 3.58 3.59 3.59 3.60 3.60 3.60 3.60 3.60 3.60 3.60 
5.00 2.33 2.62 2.71 2.79 2.84 2.88 2.90 2.92 2.92 2.93 2.93 2.93 2.93 2.93 2.93 2.93 2.93 
5.00 5.00 5.00 5.00 5.00 5.00 5.00 5.00 5.00 5.00 5.00 5.00 5.00 5.00 5.00 5.00 5.00 5.00 
