2.00 1.41 1.79 2.02 2.19 2.30 2.37 2.40 2.42 2.43 2.43 2.43 2.44 2.44 2.44 2.44 2.44 2.44 
3.00 1.58 1.91 2.13 2.30 2.42 2.49 2.53 2.55 2.56 2.56 2.56 2.56 2.56 2.56 2.56 2.56 2.56 
3.00 1.67 2.02 2.24 2.41 2.53 2.61 2.65 2.67 2.68 2.68 2.68 2.68 2.68 2.68 2.68 2.68 2.68 
3.00 1.72 2.09 2.33 2.51 2.63 2.71 2.75 2.77 2.78 2.78 2.79 2.79 2.79 2.79 2.79 2.79 2.79 
3.00 1.75 2.14 2.39 2.58 2.71 2.78 2.83 2.85 2.86 2.87 2.87 2.87 2.87 2.87 2.87 2.87 2.87 
3.00 1.77 2.17 2.43 2.63 2.76 2.84 2.88 2.91 2.92 2.92 2.92 2.92 2.92 2.92 2.92 2.92 2.92 
3.00 1.78 2.19 2.46 2.66 2.79 2.87 2.92 2.94 2.95 2.96 2.96 2.96 2.96 2.96 2.96 2.96 2.96 
3.00 1.78 2.21 2.47 2.68 2.81 2.89 2.94 2.96 2.97 2.98 2.98 2.98 2.98 2.98 2.98 2.98 2.98 
3.00 1.79 2.21 2.48 2.69 2.82 2.91 2.95 2.98 2.99 2.99 2.99 2.99 2.99 2.99 2.99 2.99 2.99 
3.00 1.79 2.22 2.49 2.69 2.83 2.92 2.96 2.99 3.00 3.00 3.00 3.00 3.01 3.01 3.01 3.01 3.01 
3.00 1.79 2.22 2.50 2.71 2.84 2.93 2.98 3.00 3.01 3.02 3.02 3.02 3.02 3.02 3.02 3.02 3.02 
3.00 1.80 2.24 2.51 2.72 2.86 2.95 3.00 3.02 3.03 3.04 3.04 3.04 3.04 3.04 3.04 3.04 3.04 
3.00 1.81 2.26 2.54 2.75 2.90 2.98 3.03 3.06 3.07 3.07 3.08 3.08 3.08 3.08 3.08 3.08 3.08 
3.00 1.83 2.29 2.58 2.80 2.95 3.04 3.09 3.11 3.12 3.13 3.13 3.13 3.13 3.13 3.13 3.13 3.13 
3.00 1.86 2.34 2.65 2.87 3.03 3.12 3.17 3.19 3.20 3.21 3.21 3.21 3.21 3.21 3.21 3.21 3.21 
3.00 1.91 2.41 2.73 2.97 3.12 3.22 3.27 3.30 3.31 3.31 3.32 3.32 3.32 3.32 3.32 3.32 3.32 
3.00 2.00 2.51 2.84 3.08 3.24 3.33 3.39 3.42 3.43 3.43 3.44 3.44 3.44 3.44 3.44 3.44 3.44 
4.00 2.18 2.67 2.98 3.22 3.37 3.47 3.52 3.55 3.56 3.56 3.56 3.56 3.56 3.56 3.56 3.56 3.56 
