3.00 2.01 2.53 2.86 3.09 3.25 3.34 3.39 3.42 3.43 3.43 3.43 3.44 3.44 3.44 3.44 3.44 3.44 
4.00 2.17 2.65 2.96 3.20 3.36 3.46 3.51 3.54 3.55 3.56 3.56 3.56 3.56 3.56 3.56 3.56 3.56 
4.00 2.27 2.76 3.07 3.31 3.48 3.58 3.63 3.66 3.67 3.68 3.68 3.68 3.68 3.68 3.68 3.68 3.68 
4.00 2.32 2.83 3.15 3.40 3.57 3.68 3.74 3.76 3.78 3.78 3.79 3.79 3.79 3.79 3.79 3.79 3.79 
4.00 2.35 2.88 3.22 3.47 3.65 3.75 3.81 3.84 3.86 3.86 3.87 3.87 3.87 3.87 3.87 3.87 3.87 
4.00 2.36 2.91 3.26 3.52 3.70 3.81 3.87 3.90 3.91 3.92 3.92 3.92 3.92 3.92 3.92 3.92 3.92 
4.00 2.37 2.93 3.29 3.55 3.73 3.84 3.91 3.94 3.95 3.96 3.96 3.96 3.96 3.96 3.96 3.96 3.96 
4.00 2.38 2.94 3.30 3.57 3.75 3.86 3.93 3.96 3.97 3.98 3.98 3.98 3.98 3.98 3.98 3.98 3.98 
4.00 2.38 2.95 3.31 3.58 3.77 3.88 3.94 3.97 3.99 3.99 3.99 3.99 3.99 3.99 3.99 3.99 3.99 
4.00 2.39 2.96 3.32 3.59 3.78 3.89 3.95 3.98 4.00 4.00 4.00 4.00 4.01 4.01 4.01 4.01 4.01 
4.00 2.39 2.96 3.33 3.60 3.79 3.90 3.96 3.99 4.01 4.01 4.02 4.02 4.02 4.02 4.02 4.02 4.02 
4.00 2.40 2.97 3.34 3.62 3.81 3.92 3.98 4.02 4.03 4.04 4.04 4.04 4.04 4.04 4.04 4.04 4.04 
4.00 2.41 2.99 3.37 3.65 3.84 3.96 4.02 4.05 4.07 4.07 4.07 4.08 4.08 4.08 4.08 4.08 4.08 
4.00 2.43 3.03 3.41 3.70 3.89 4.01 4.07 4.11 4.12 4.13 4.13 4.13 4.13 4.13 4.13 4.13 4.13 
4.00 2.46 3.08 3.47 3.77 3.97 4.09 4.15 4.19 4.20 4.21 4.21 4.21 4.21 4.21 4.21 4.21 4.21 
4.00 2.50 3.15 3.56 3.86 4.07 4.19 4.26 4.29 4.31 4.31 4.31 4.32 4.32 4.32 4.32 4.32 4.32 
4.00 2.60 3.25 3.67 3.98 4.18 4.31 4.37 4.41 4.43 4.43 4.44 4.44 4.44 4.44 4.44 4.44 4.44 
5.00 2.78 3.41 3.81 4.12 4.32 4.44 4.51 4.54 4.56 4.56 4.56 4.56 4.56 4.56 4.56 4.56 4.56 
