4.00 2.92 3.74 4.13 4.31 4.37 4.39 4.39 4.39 4.39 4.39 4.39 4.39 4.39 4.39 4.39 4.39 4.39 
5.00 3.09 3.89 4.29 4.49 4.57 4.59 4.60 4.60 4.60 4.60 4.60 4.60 4.60 4.60 4.60 4.60 4.60 
5.00 3.21 4.04 4.46 4.66 4.74 4.77 4.78 4.78 4.78 4.78 4.78 4.78 4.78 4.78 4.78 4.78 4.78 
5.00 3.27 4.14 4.57 4.78 4.86 4.89 4.90 4.90 4.90 4.90 4.90 4.90 4.90 4.90 4.90 4.90 4.90 
5.00 3.30 4.18 4.62 4.84 4.93 4.95 4.96 4.96 4.96 4.96 4.96 4.96 4.96 4.96 4.96 4.96 4.96 
5.00 3.32 4.20 4.65 4.87 4.95 4.98 4.99 4.99 4.99 4.99 4.99 4.99 4.99 4.99 4.99 4.99 4.99 
5.00 3.32 4.21 4.66 4.88 4.96 4.99 5.00 5.00 5.00 5.00 5.00 5.00 5.00 5.00 5.00 5.00 5.00 
5.00 3.32 4.21 4.66 4.88 4.96 4.99 5.00 5.00 5.00 5.00 5.00 5.00 5.00 5.00 5.00 5.00 5.00 
5.00 3.32 4.21 4.66 4.88 4.96 4.99 5.00 5.00 5.00 5.00 5.00 5.00 5.00 5.00 5.00 5.00 5.00 
5.00 3.32 4.21 4.66 4.88 4.96 4.99 5.00 5.00 5.00 5.00 5.00 5.00 5.00 5.00 5.00 5.00 5.00 
5.00 3.32 4.21 4.66 4.88 4.96 4.99 5.00 5.00 5.00 5.00 5.00 5.00 5.00 5.00 5.00 5.00 5.00 
5.00 3.32 4.21 4.65 4.87 4.96 4.98 4.99 4.99 4.99 4.99 4.99 4.99 4.99 4.99 4.99 4.99 4.99 
5.00 3.31 4.19 4.63 4.85 4.93 4.96 4.96 4.96 4.96 4.96 4.96 4.96 4.96 4.96 4.96 4.96 4.96 
5.00 3.27 4.13 4.55 4.76 4.85 4.87 4.88 4.88 4.88 4.88 4.88 4.88 4.88 4.88 4.88 4.88 4.88 
5.00 3.19 3.98 4.36 4.55 4.63 4.65 4.66 4.66 4.66 4.66 4.66 4.66 4.66 4.66 4.66 4.66 4.66 
5.00 3.02 3.67 3.98 4.13 4.19 4.21 4.21 4.21 4.21 4.21 4.21 4.21 4.21 4.21 4.21 4.21 4.21 
5.00 2.57 3.02 3.19 3.27 3.31 3.32 3.32 3.32 3.32 3.32 3.32 3.32 3.32 3.32 3.32 3.32 3.32 
5.00 5.00 5.00 5.00 5.00 5.00 5.00 5.00 5.00 5.00 5.00 5.00 5.00 5.00 5.00 5.00 5.00 5.00 
