2.00 1.38 1.74 1.97 2.14 2.27 2.34 2.39 2.42 2.43 2.44 2.44 2.44 2.44 2.44 2.44 2.44 2.44 
3.00 1.55 1.86 2.07 2.24 2.37 2.45 2.50 2.53 2.55 2.55 2.56 2.56 2.56 2.56 2.56 2.56 2.56 
3.00 1.64 1.96 2.17 2.35 2.47 2.56 2.61 2.64 2.66 2.66 2.67 2.67 2.67 2.67 2.67 2.67 2.67 
3.00 1.69 2.03 2.25 2.43 2.56 2.65 2.71 2.74 2.75 2.76 2.76 2.77 2.77 2.77 2.77 2.77 2.77 
3.00 1.71 2.08 2.31 2.50 2.64 2.73 2.78 2.82 2.83 2.84 2.84 2.84 2.85 2.85 2.85 2.85 2.85 
3.00 1.73 2.11 2.36 2.55 2.69 2.78 2.84 2.87 2.89 2.90 2.90 2.90 2.90 2.90 2.90 2.90 2.90 
3.00 1.74 2.13 2.38 2.58 2.73 2.82 2.88 2.91 2.93 2.94 2.94 2.94 2.95 2.95 2.95 2.95 2.95 
3.00 1.75 2.15 2.40 2.61 2.75 2.85 2.91 2.94 2.96 2.97 2.97 2.97 2.97 2.97 2.97 2.97 2.97 
3.00 1.76 2.16 2.41 2.62 2.77 2.87 2.93 2.96 2.98 2.99 2.99 2.99 2.99 2.99 2.99 2.99 2.99 
3.00 1.76 2.16 2.43 2.63 2.78 2.88 2.94 2.98 2.99 3.00 3.01 3.01 3.01 3.01 3.01 3.01 3.01 
3.00 1.76 2.17 2.44 2.65 2.80 2.90 2.96 2.99 3.01 3.02 3.02 3.03 3.03 3.03 3.03 3.03 3.03 
3.00 1.77 2.19 2.46 2.67 2.82 2.92 2.99 3.02 3.04 3.05 3.05 3.05 3.05 3.05 3.05 3.05 3.05 
3.00 1.78 2.21 2.49 2.70 2.86 2.96 3.03 3.06 3.08 3.09 3.09 3.09 3.09 3.10 3.10 3.10 3.10 
3.00 1.80 2.24 2.53 2.75 2.91 3.02 3.08 3.12 3.14 3.15 3.15 3.15 3.15 3.15 3.15 3.15 3.15 
3.00 1.83 2.29 2.59 2.82 2.99 3.10 3.16 3.20 3.22 3.23 3.23 3.23 3.23 3.23 3.23 3.23 3.23 
3.00 1.88 2.36 2.67 2.91 3.08 3.19 3.26 3.29 3.31 3.32 3.33 3.33 3.33 3.33 3.33 3.33 3.33 
3.00 1.97 2.45 2.77 3.01 3.18 3.30 3.37 3.40 3.43 3.43 3.44 3.44 3.44 3.44 3.44 3.44 3.44 
4.00 2.14 2.60 2.89 3.13 3.31 3.42 3.49 3.52 3.54 3.55 3.56 3.56 3.56 3.56 3.56 3.56 3.56 
