0.00 0.22 0.31 0.36 0.39 0.41 0.42 0.42 0.43 0.43 0.43 0.43 0.43 0.43 0.43 0.43 0.43 0.43 
1.00 0.40 0.46 0.49 0.53 0.55 0.56 0.57 0.57 0.57 0.57 0.57 0.57 0.57 0.57 0.57 0.57 0.57 
1.00 0.49 0.57 0.61 0.65 0.68 0.69 0.70 0.70 0.70 0.70 0.70 0.70 0.70 0.70 0.70 0.70 0.70 
1.00 0.54 0.65 0.71 0.75 0.78 0.80 0.81 0.81 0.81 0.81 0.81 0.81 0.81 0.81 0.81 0.81 0.81 
1.00 0.58 0.70 0.77 0.83 0.86 0.88 0.89 0.89 0.89 0.89 0.89 0.89 0.89 0.89 0.89 0.89 0.89 
1.00 0.59 0.73 0.81 0.87 0.91 0.93 0.94 0.94 0.94 0.95 0.95 0.95 0.95 0.95 0.95 0.95 0.95 
1.00 0.60 0.75 0.84 0.90 0.94 0.96 0.97 0.97 0.97 0.97 0.97 0.97 0.97 0.97 0.97 0.97 0.97 
1.00 0.61 0.76 0.85 0.91 0.95 0.97 0.98 0.99 0.99 0.99 0.99 0.99 0.99 0.99 0.99 0.99 0.99 
1.00 0.61 0.76 0.85 0.92 0.96 0.98 0.99 0.99 1.00 1.00 1.00 1.00 1.00 1.00 1.00 1.00 1.00 
1.00 0.61 0.76 0.86 0.92 0.96 0.99 1.00 1.00 1.00 1.00 1.00 1.00 1.00 1.00 1.00 1.00 1.00 
1.00 0.61 0.77 0.86 0.93 0.97 0.99 1.00 1.01 1.01 1.01 1.01 1.01 1.01 1.01 1.01 1.01 1.01 
1.00 0.62 0.78 0.87 0.94 0.98 1.01 1.02 1.02 1.02 1.03 1.03 1.03 1.03 1.03 1.03 1.03 1.03 
1.00 0.63 0.79 0.90 0.97 1.01 1.04 1.05 1.05 1.05 1.05 1.05 1.05 1.05 1.05 1.05 1.05 1.05 
1.00 0.65 0.83 0.94 1.01 1.06 1.09 1.10 1.10 1.11 1.11 1.11 1.11 1.11 1.11 1.11 1.11 1.11 
1.00 0.68 0.88 1.00 1.09 1.14 1.16 1.18 1.18 1.18 1.19 1.19 1.19 1.19 1.19 1.19 1.19 1.19 
1.00 0.73 0.96 1.10 1.19 1.24 1.27 1.29 1.29 1.29 1.30 1.30 1.30 1.30 1.30 1.30 1.30 1.30 
1.00 0.83 1.07 1.22 1.31 1.37 1.40 1.42 1.43 1.43 1.43 1.43 1.43 1.43 1.43 1.43 1.43 1.43 
2.00 1.01 1.23 1.36 1.46 1.52 1.55 1.56 1.57 1.57 1.57 1.57 1.57 1.57 1.57 1.57 1.57 1.57 
