1.00 0.90 1.18 1.31 1.37 1.39 1.39 1.39 1.39 1.39 1.39 1.39 1.39 1.39 1.39 1.39 1.39 1.39 
2.00 1.10 1.36 1.50 1.56 1.59 1.60 1.60 1.60 1.60 1.60 1.60 1.60 1.60 1.60 1.60 1.60 1.60 
2.00 1.22 1.51 1.66 1.74 1.77 1.78 1.78 1.78 1.78 1.78 1.78 1.78 1.78 1.78 1.78 1.78 1.78 
2.00 1.28 1.61 1.77 1.85 1.88 1.89 1.90 1.90 1.90 1.90 1.90 1.90 1.90 1.90 1.90 1.90 1.90 
2.00 1.31 1.66 1.83 1.91 1.95 1.96 1.96 1.96 1.96 1.96 1.96 1.96 1.96 1.96 1.96 1.96 1.96 
2.00 1.32 1.68 1.85 1.94 1.97 1.98 1.99 1.99 1.99 1.99 1.99 1.99 1.99 1.99 1.99 1.99 1.99 
2.00 1.33 1.68 1.86 1.95 1.98 1.99 2.00 2.00 2.00 2.00 2.00 2.00 2.00 2.00 2.00 2.00 2.00 
2.00 1.33 1.68 1.86 1.95 1.99 2.00 2.00 2.00 2.00 2.00 2.00 2.00 2.00 2.00 2.00 2.00 2.00 
2.00 1.33 1.69 1.86 1.95 1.99 2.00 2.00 2.00 2.00 2.00 2.00 2.00 2.00 2.00 2.00 2.00 2.00 
2.00 1.33 1.69 1.86 1.95 1.99 2.00 2.00 2.00 2.00 2.00 2.00 2.00 2.00 2.00 2.00 2.00 2.00 
2.00 1.33 1.69 1.86 1.95 1.99 2.00 2.00 2.00 2.00 2.00 2.00 2.00 2.00 2.00 2.00 2.00 2.00 
2.00 1.33 1.69 1.87 1.95 1.99 2.00 2.00 2.00 2.00 2.00 2.00 2.00 2.00 2.00 2.00 2.00 2.00 
2.00 1.33 1.69 1.87 1.96 2.00 2.01 2.01 2.01 2.01 2.01 2.01 2.01 2.01 2.01 2.01 2.01 2.01 
2.00 1.35 1.71 1.90 1.99 2.02 2.04 2.04 2.04 2.04 2.04 2.04 2.04 2.04 2.04 2.04 2.04 2.04 
2.00 1.37 1.76 1.96 2.05 2.09 2.10 2.10 2.10 2.10 2.10 2.10 2.10 2.10 2.10 2.10 2.10 2.10 
2.00 1.44 1.86 2.07 2.17 2.21 2.22 2.22 2.22 2.22 2.22 2.22 2.22 2.22 2.22 2.22 2.22 2.22 
2.00 1.56 2.01 2.23 2.34 2.38 2.39 2.40 2.40 2.40 2.40 2.40 2.40 2.40 2.40 2.40 2.40 2.40 
3.00 1.79 2.24 2.46 2.56 2.59 2.60 2.61 2.61 2.61 2.61 2.61 2.61 2.61 2.61 2.61 2.61 2.61 
