3.00 2.06 2.61 2.95 3.17 3.30 3.37 3.41 3.42 3.42 3.43 3.43 3.43 3.43 3.43 3.43 3.43 3.43 
4.00 2.23 2.74 3.06 3.29 3.43 3.51 3.55 3.56 3.57 3.57 3.57 3.57 3.57 3.57 3.57 3.57 3.57 
4.00 2.32 2.85 3.18 3.42 3.56 3.64 3.68 3.69 3.70 3.70 3.70 3.70 3.70 3.70 3.70 3.70 3.70 
4.00 2.38 2.93 3.27 3.52 3.67 3.75 3.79 3.80 3.81 3.81 3.81 3.81 3.81 3.81 3.81 3.81 3.81 
4.00 2.41 2.98 3.34 3.59 3.74 3.83 3.87 3.88 3.89 3.89 3.89 3.89 3.89 3.89 3.89 3.89 3.89 
4.00 2.42 3.02 3.38 3.64 3.79 3.88 3.92 3.93 3.94 3.94 3.95 3.95 3.95 3.95 3.95 3.95 3.95 
4.00 2.43 3.03 3.40 3.66 3.82 3.90 3.95 3.96 3.97 3.97 3.97 3.97 3.97 3.97 3.97 3.97 3.97 
4.00 2.44 3.04 3.41 3.67 3.83 3.92 3.96 3.98 3.99 3.99 3.99 3.99 3.99 3.99 3.99 3.99 3.99 
4.00 2.44 3.05 3.42 3.68 3.84 3.93 3.97 3.99 3.99 4.00 4.00 4.00 4.00 4.00 4.00 4.00 4.00 
4.00 2.44 3.05 3.42 3.69 3.85 3.93 3.97 3.99 4.00 4.00 4.00 4.00 4.00 4.00 4.00 4.00 4.00 
4.00 2.45 3.05 3.43 3.69 3.85 3.94 3.98 4.00 4.01 4.01 4.01 4.01 4.01 4.01 4.01 4.01 4.01 
4.00 2.45 3.06 3.44 3.71 3.87 3.95 4.00 4.01 4.02 4.02 4.03 4.03 4.03 4.03 4.03 4.03 4.03 
4.00 2.46 3.08 3.46 3.73 3.89 3.98 4.03 4.04 4.05 4.05 4.05 4.05 4.05 4.05 4.05 4.05 4.05 
4.00 2.48 3.11 3.50 3.78 3.94 4.03 4.08 4.10 4.10 4.10 4.11 4.11 4.11 4.11 4.11 4.11 4.11 
4.00 2.51 3.16 3.57 3.85 4.02 4.11 4.16 4.17 4.18 4.18 4.19 4.19 4.19 4.19 4.19 4.19 4.19 
4.00 2.56 3.24 3.66 3.95 4.13 4.22 4.26 4.28 4.29 4.29 4.30 4.30 4.30 4.30 4.30 4.30 4.30 
4.00 2.66 3.36 3.78 4.08 4.25 4.35 4.40 4.42 4.43 4.43 4.43 4.43 4.43 4.43 4.43 4.43 4.43 
5.00 2.85 3.53 3.95 4.24 4.41 4.50 4.55 4.56 4.57 4.57 4.57 4.57 4.57 4.57 4.57 4.57 4.57 
