2.00 1.49 1.92 2.16 2.30 2.37 2.40 2.41 2.41 2.41 2.41 2.41 2.41 2.41 2.41 2.41 2.41 2.41 
3.00 1.67 2.07 2.30 2.45 2.53 2.56 2.58 2.58 2.58 2.58 2.58 2.58 2.58 2.58 2.58 2.58 2.58 
3.00 1.78 2.20 2.44 2.59 2.67 2.71 2.73 2.73 2.73 2.73 2.73 2.73 2.73 2.73 2.73 2.73 2.73 
3.00 1.83 2.28 2.54 2.70 2.79 2.83 2.84 2.85 2.85 2.85 2.85 2.85 2.85 2.85 2.85 2.85 2.85 
3.00 1.87 2.34 2.61 2.77 2.86 2.90 2.92 2.92 2.92 2.93 2.93 2.93 2.93 2.93 2.93 2.93 2.93 
3.00 1.88 2.36 2.64 2.81 2.90 2.94 2.96 2.97 2.97 2.97 2.97 2.97 2.97 2.97 2.97 2.97 2.97 
3.00 1.89 2.38 2.66 2.83 2.92 2.96 2.98 2.99 2.99 2.99 2.99 2.99 2.99 2.99 2.99 2.99 2.99 
3.00 1.89 2.38 2.66 2.84 2.93 2.97 2.99 2.99 3.00 3.00 3.00 3.00 3.00 3.00 3.00 3.00 3.00 
3.00 1.89 2.38 2.67 2.84 2.93 2.98 2.99 3.00 3.00 3.00 3.00 3.00 3.00 3.00 3.00 3.00 3.00 
3.00 1.89 2.38 2.67 2.84 2.94 2.98 2.99 3.00 3.00 3.00 3.00 3.00 3.00 3.00 3.00 3.00 3.00 
3.00 1.89 2.39 2.67 2.85 2.94 2.98 3.00 3.00 3.00 3.00 3.00 3.00 3.00 3.00 3.00 3.00 3.00 
3.00 1.90 2.39 2.68 2.86 2.95 2.99 3.00 3.01 3.01 3.01 3.01 3.01 3.01 3.01 3.01 3.01 3.01 
3.00 1.90 2.40 2.69 2.87 2.97 3.01 3.02 3.03 3.03 3.03 3.03 3.03 3.03 3.03 3.03 3.03 3.03 
3.00 1.92 2.43 2.73 2.91 3.01 3.05 3.07 3.07 3.07 3.07 3.07 3.07 3.07 3.07 3.07 3.07 3.07 
3.00 1.95 2.49 2.79 2.98 3.08 3.13 3.14 3.15 3.15 3.15 3.15 3.15 3.15 3.15 3.15 3.15 3.15 
3.00 2.01 2.57 2.90 3.09 3.20 3.24 3.26 3.26 3.27 3.27 3.27 3.27 3.27 3.27 3.27 3.27 3.27 
3.00 2.11 2.70 3.03 3.24 3.34 3.39 3.41 3.42 3.42 3.42 3.42 3.42 3.42 3.42 3.42 3.42 3.42 
4.00 2.32 2.89 3.22 3.42 3.52 3.56 3.58 3.58 3.58 3.59 3.59 3.59 3.59 3.59 3.59 3.59 3.59 
