0.00 0.21 0.30 0.36 0.39 0.41 0.42 0.43 0.43 0.43 0.43 0.44 0.44 0.44 0.44 0.44 0.44 0.44 
1.00 0.39 0.44 0.47 0.51 0.53 0.55 0.56 0.56 0.56 0.56 0.56 0.56 0.56 0.56 0.56 0.56 0.56 
1.00 0.48 0.54 0.58 0.62 0.65 0.66 0.67 0.68 0.68 0.68 0.68 0.68 0.68 0.68 0.68 0.68 0.68 
1.00 0.53 0.61 0.67 0.71 0.75 0.77 0.78 0.78 0.79 0.79 0.79 0.79 0.79 0.79 0.79 0.79 0.79 
1.00 0.56 0.66 0.73 0.78 0.82 0.84 0.86 0.86 0.87 0.87 0.87 0.87 0.87 0.87 0.87 0.87 0.87 
1.00 0.57 0.70 0.77 0.83 0.87 0.90 0.91 0.92 0.92 0.92 0.92 0.92 0.92 0.92 0.92 0.92 0.92 
1.00 0.59 0.72 0.80 0.86 0.91 0.93 0.95 0.95 0.96 0.96 0.96 0.96 0.96 0.96 0.96 0.96 0.96 
1.00 0.59 0.73 0.82 0.88 0.93 0.95 0.97 0.98 0.98 0.98 0.98 0.98 0.98 0.98 0.98 0.98 0.98 
1.00 0.59 0.74 0.82 0.89 0.94 0.97 0.98 0.99 0.99 0.99 0.99 0.99 0.99 0.99 0.99 0.99 0.99 
1.00 0.60 0.74 0.83 0.90 0.95 0.98 0.99 1.00 1.00 1.00 1.00 1.01 1.01 1.01 1.01 1.01 1.01 
1.00 0.60 0.75 0.84 0.91 0.96 0.99 1.00 1.01 1.02 1.02 1.02 1.02 1.02 1.02 1.02 1.02 1.02 
1.00 0.61 0.76 0.86 0.93 0.98 1.01 1.03 1.03 1.04 1.04 1.04 1.04 1.04 1.04 1.04 1.04 1.04 
1.00 0.62 0.78 0.88 0.96 1.01 1.04 1.06 1.07 1.07 1.08 1.08 1.08 1.08 1.08 1.08 1.08 1.08 
1.00 0.64 0.81 0.93 1.01 1.06 1.10 1.12 1.13 1.13 1.13 1.13 1.13 1.13 1.13 1.13 1.13 1.13 
1.00 0.67 0.86 0.99 1.08 1.14 1.18 1.20 1.21 1.21 1.21 1.21 1.21 1.21 1.21 1.21 1.21 1.21 
1.00 0.72 0.94 1.07 1.17 1.24 1.28 1.30 1.31 1.31 1.31 1.32 1.32 1.32 1.32 1.32 1.32 1.32 
1.00 0.81 1.04 1.18 1.29 1.35 1.39 1.42 1.43 1.43 1.44 1.44 1.44 1.44 1.44 1.44 1.44 1.44 
2.00 0.99 1.18 1.31 1.41 1.48 1.52 1.55 1.56 1.56 1.56 1.56 1.56 1.56 1.56 1.56 1.56 1.56 
