0.00 0.22 0.32 0.37 0.39 0.41 0.41 0.41 0.41 0.41 0.41 0.41 0.41 0.41 0.41 0.41 0.41 0.41 
1.00 0.41 0.48 0.52 0.55 0.57 0.58 0.58 0.58 0.58 0.58 0.58 0.58 0.58 0.58 0.58 0.58 0.58 
1.00 0.52 0.61 0.66 0.70 0.72 0.73 0.73 0.73 0.73 0.73 0.73 0.73 0.73 0.73 0.73 0.73 0.73 
1.00 0.57 0.69 0.76 0.81 0.83 0.84 0.85 0.85 0.85 0.85 0.85 0.85 0.85 0.85 0.85 0.85 0.85 
1.00 0.60 0.75 0.83 0.88 0.91 0.92 0.92 0.92 0.93 0.93 0.93 0.93 0.93 0.93 0.93 0.93 0.93 
1.00 0.62 0.77 0.86 0.92 0.95 0.96 0.97 0.97 0.97 0.97 0.97 0.97 0.97 0.97 0.97 0.97 0.97 
1.00 0.63 0.79 0.88 0.94 0.97 0.98 0.99 0.99 0.99 0.99 0.99 0.99 0.99 0.99 0.99 0.99 0.99 
1.00 0.63 0.79 0.89 0.94 0.97 0.99 0.99 1.00 1.00 1.00 1.00 1.00 1.00 1.00 1.00 1.00 1.00 
1.00 0.63 0.79 0.89 0.95 0.98 0.99 1.00 1.00 1.00 1.00 1.00 1.00 1.00 1.00 1.00 1.00 1.00 
1.00 0.63 0.80 0.89 0.95 0.98 0.99 1.00 1.00 1.00 1.00 1.00 1.00 1.00 1.00 1.00 1.00 1.00 
1.00 0.63 0.80 0.89 0.95 0.98 1.00 1.00 1.00 1.00 1.00 1.00 1.00 1.00 1.00 1.00 1.00 1.00 
1.00 0.64 0.80 0.90 0.96 0.99 1.00 1.01 1.01 1.01 1.01 1.01 1.01 1.01 1.01 1.01 1.01 1.01 
1.00 0.64 0.82 0.92 0.98 1.01 1.02 1.03 1.03 1.03 1.03 1.03 1.03 1.03 1.03 1.03 1.03 1.03 
1.00 0.66 0.84 0.95 1.02 1.05 1.07 1.07 1.07 1.07 1.07 1.07 1.07 1.07 1.07 1.07 1.07 1.07 
1.00 0.69 0.90 1.02 1.09 1.13 1.14 1.15 1.15 1.15 1.15 1.15 1.15 1.15 1.15 1.15 1.15 1.15 
1.00 0.75 0.98 1.12 1.20 1.24 1.26 1.26 1.27 1.27 1.27 1.27 1.27 1.27 1.27 1.27 1.27 1.27 
1.00 0.85 1.11 1.26 1.34 1.39 1.41 1.41 1.42 1.42 1.42 1.42 1.42 1.42 1.42 1.42 1.42 1.42 
2.00 1.05 1.29 1.43 1.51 1.56 1.58 1.58 1.58 1.58 1.59 1.59 1.59 1.59 1.59 1.59 1.59 1.59 
