1.00 0.78 1.00 1.14 1.24 1.32 1.37 1.40 1.42 1.43 1.44 1.44 1.44 1.45 1.45 1.45 1.45 1.45 
2.00 0.95 1.12 1.23 1.34 1.41 1.47 1.51 1.53 1.54 1.55 1.55 1.55 1.55 1.55 1.55 1.55 1.55 
2.00 1.04 1.21 1.33 1.43 1.51 1.57 1.61 1.63 1.64 1.65 1.65 1.66 1.66 1.66 1.66 1.66 1.66 
2.00 1.08 1.28 1.40 1.51 1.60 1.66 1.70 1.72 1.74 1.74 1.75 1.75 1.75 1.75 1.75 1.75 1.75 
2.00 1.11 1.32 1.46 1.58 1.67 1.73 1.77 1.80 1.81 1.82 1.82 1.83 1.83 1.83 1.83 1.83 1.83 
2.00 1.13 1.36 1.50 1.63 1.72 1.79 1.83 1.86 1.87 1.88 1.88 1.89 1.89 1.89 1.89 1.89 1.89 
2.00 1.14 1.38 1.53 1.66 1.76 1.83 1.87 1.90 1.92 1.92 1.93 1.93 1.93 1.93 1.93 1.93 1.93 
2.00 1.15 1.39 1.56 1.69 1.79 1.86 1.90 1.93 1.95 1.96 1.96 1.96 1.96 1.96 1.96 1.96 1.96 
2.00 1.15 1.41 1.57 1.71 1.81 1.88 1.93 1.96 1.97 1.98 1.99 1.99 1.99 1.99 1.99 1.99 1.99 
2.00 1.16 1.42 1.58 1.72 1.83 1.90 1.95 1.98 1.99 2.00 2.01 2.01 2.01 2.01 2.01 2.01 2.01 
2.00 1.16 1.43 1.60 1.74 1.85 1.92 1.97 2.00 2.02 2.03 2.03 2.03 2.03 2.03 2.04 2.04 2.04 
2.00 1.17 1.44 1.62 1.77 1.88 1.95 2.00 2.03 2.05 2.06 2.06 2.07 2.07 2.07 2.07 2.07 2.07 
2.00 1.18 1.46 1.65 1.80 1.92 1.99 2.05 2.08 2.09 2.10 2.11 2.11 2.11 2.11 2.11 2.11 2.11 
2.00 1.20 1.50 1.69 1.85 1.97 2.05 2.10 2.14 2.15 2.16 2.17 2.17 2.17 2.17 2.17 2.17 2.17 
2.00 1.23 1.54 1.75 1.92 2.04 2.12 2.18 2.21 2.23 2.24 2.25 2.25 2.25 2.25 2.25 2.25 2.25 
2.00 1.27 1.61 1.83 2.00 2.13 2.21 2.27 2.30 2.32 2.33 2.34 2.34 2.34 2.34 2.34 2.34 2.34 
2.00 1.36 1.70 1.92 2.09 2.22 2.31 2.37 2.41 2.43 2.44 2.44 2.44 2.45 2.45 2.45 2.45 2.45 
3.00 1.53 1.83 2.03 2.20 2.33 2.42 2.48 2.52 2.53 2.55 2.55 2.55 2.55 2.55 2.55 2.55 2.55 
