3.00 1.88 2.31 2.58 2.82 3.00 3.15 3.26 3.33 3.38 3.41 3.43 3.44 3.45 3.45 3.45 3.45 3.45 
4.00 2.04 2.42 2.67 2.89 3.08 3.23 3.34 3.41 3.47 3.50 3.52 3.53 3.54 3.54 3.54 3.54 3.54 
4.00 2.13 2.50 2.75 2.97 3.16 3.31 3.42 3.50 3.55 3.59 3.61 3.62 3.63 3.63 3.63 3.63 3.63 
4.00 2.17 2.56 2.81 3.04 3.23 3.39 3.50 3.58 3.63 3.67 3.69 3.70 3.71 3.71 3.71 3.71 3.71 
4.00 2.19 2.60 2.87 3.10 3.30 3.45 3.57 3.65 3.70 3.74 3.76 3.77 3.78 3.78 3.79 3.79 3.79 
4.00 2.21 2.63 2.91 3.15 3.35 3.51 3.62 3.71 3.76 3.80 3.82 3.83 3.84 3.85 3.85 3.85 3.85 
4.00 2.22 2.66 2.94 3.19 3.39 3.55 3.67 3.76 3.81 3.85 3.87 3.89 3.89 3.90 3.90 3.90 3.90 
4.00 2.23 2.67 2.96 3.22 3.43 3.59 3.71 3.80 3.86 3.89 3.92 3.93 3.94 3.94 3.94 3.94 3.94 
4.00 2.24 2.69 2.99 3.25 3.46 3.62 3.75 3.83 3.89 3.93 3.95 3.97 3.97 3.98 3.98 3.98 3.98 
4.00 2.25 2.70 3.01 3.27 3.49 3.66 3.78 3.87 3.93 3.97 3.99 4.00 4.01 4.01 4.02 4.02 4.02 
4.00 2.25 2.72 3.03 3.30 3.52 3.69 3.82 3.90 3.96 4.00 4.03 4.04 4.05 4.05 4.05 4.05 4.06 
4.00 2.26 2.74 3.05 3.33 3.55 3.73 3.86 3.95 4.01 4.05 4.07 4.08 4.09 4.10 4.10 4.10 4.10 
4.00 2.28 2.76 3.08 3.37 3.59 3.77 3.90 4.00 4.06 4.10 4.12 4.14 4.14 4.15 4.15 4.15 4.15 
4.00 2.29 2.79 3.13 3.41 3.65 3.83 3.96 4.06 4.12 4.16 4.18 4.20 4.21 4.21 4.21 4.21 4.21 
4.00 2.32 2.83 3.18 3.47 3.71 3.89 4.03 4.13 4.19 4.23 4.26 4.27 4.28 4.28 4.28 4.29 4.29 
4.00 2.36 2.89 3.24 3.54 3.78 3.97 4.11 4.20 4.27 4.31 4.34 4.35 4.36 4.36 4.37 4.37 4.37 
4.00 2.44 2.98 3.32 3.62 3.86 4.05 4.19 4.29 4.35 4.40 4.42 4.44 4.45 4.45 4.45 4.45 4.45 
5.00 2.61 3.10 3.42 3.72 3.96 4.15 4.29 4.38 4.45 4.49 4.51 4.53 4.54 4.54 4.54 4.54 4.54 
