3.00 2.13 2.72 3.06 3.26 3.35 3.39 3.41 3.41 3.41 3.41 3.41 3.41 3.41 3.41 3.41 3.41 3.41 
4.00 2.30 2.86 3.19 3.40 3.51 3.55 3.57 3.58 3.58 3.58 3.58 3.58 3.58 3.58 3.58 3.58 3.58 
4.00 2.41 2.99 3.33 3.54 3.65 3.70 3.72 3.73 3.73 3.73 3.73 3.73 3.73 3.73 3.73 3.73 3.73 
4.00 2.46 3.08 3.43 3.65 3.77 3.82 3.84 3.85 3.85 3.85 3.85 3.85 3.85 3.85 3.85 3.85 3.85 
4.00 2.50 3.13 3.49 3.72 3.84 3.89 3.92 3.92 3.92 3.93 3.93 3.93 3.93 3.93 3.93 3.93 3.93 
4.00 2.51 3.16 3.53 3.76 3.88 3.94 3.96 3.96 3.97 3.97 3.97 3.97 3.97 3.97 3.97 3.97 3.97 
4.00 2.52 3.17 3.55 3.78 3.90 3.96 3.98 3.98 3.99 3.99 3.99 3.99 3.99 3.99 3.99 3.99 3.99 
4.00 2.52 3.18 3.55 3.79 3.91 3.96 3.99 3.99 4.00 4.00 4.00 4.00 4.00 4.00 4.00 4.00 4.00 
4.00 2.52 3.18 3.56 3.79 3.91 3.97 3.99 4.00 4.00 4.00 4.00 4.00 4.00 4.00 4.00 4.00 4.00 
4.00 2.52 3.18 3.56 3.79 3.91 3.97 3.99 4.00 4.00 4.00 4.00 4.00 4.00 4.00 4.00 4.00 4.00 
4.00 2.53 3.18 3.56 3.80 3.92 3.97 3.99 4.00 4.00 4.00 4.00 4.00 4.00 4.00 4.00 4.00 4.00 
4.00 2.53 3.19 3.57 3.80 3.93 3.98 4.00 4.01 4.01 4.01 4.01 4.01 4.01 4.01 4.01 4.01 4.01 
4.00 2.54 3.20 3.58 3.82 3.95 4.00 4.02 4.03 4.03 4.03 4.03 4.03 4.03 4.03 4.03 4.03 4.03 
4.00 2.55 3.23 3.62 3.86 3.99 4.04 4.06 4.07 4.07 4.07 4.07 4.07 4.07 4.07 4.07 4.07 4.07 
4.00 2.58 3.28 3.68 3.93 4.06 4.12 4.14 4.15 4.15 4.15 4.15 4.15 4.15 4.15 4.15 4.15 4.15 
4.00 2.64 3.37 3.79 4.04 4.17 4.23 4.26 4.26 4.27 4.27 4.27 4.27 4.27 4.27 4.27 4.27 4.27 
4.00 2.74 3.49 3.92 4.19 4.32 4.38 4.41 4.41 4.42 4.42 4.42 4.42 4.42 4.42 4.42 4.42 4.42 
5.00 2.96 3.70 4.12 4.37 4.50 4.56 4.58 4.58 4.58 4.59 4.59 4.59 4.59 4.59 4.59 4.59 4.59 
