0.00 0.21 0.29 0.34 0.38 0.40 0.42 0.43 0.44 0.44 0.44 0.45 0.45 0.45 0.45 0.45 0.45 0.45 
1.00 0.37 0.42 0.45 0.48 0.51 0.52 0.54 0.54 0.55 0.55 0.55 0.55 0.55 0.55 0.55 0.55 0.55 
1.00 0.46 0.51 0.54 0.57 0.60 0.62 0.64 0.65 0.65 0.65 0.66 0.66 0.66 0.66 0.66 0.66 0.66 
1.00 0.50 0.57 0.61 0.65 0.69 0.71 0.73 0.74 0.74 0.75 0.75 0.75 0.75 0.75 0.75 0.75 0.75 
1.00 0.53 0.62 0.67 0.72 0.76 0.78 0.80 0.81 0.82 0.82 0.83 0.83 0.83 0.83 0.83 0.83 0.83 
1.00 0.55 0.65 0.72 0.77 0.81 0.84 0.86 0.87 0.88 0.88 0.89 0.89 0.89 0.89 0.89 0.89 0.89 
1.00 0.56 0.67 0.75 0.81 0.85 0.88 0.90 0.92 0.92 0.93 0.93 0.93 0.93 0.93 0.93 0.93 0.93 
1.00 0.57 0.69 0.77 0.83 0.88 0.91 0.94 0.95 0.96 0.96 0.96 0.96 0.96 0.96 0.96 0.96 0.96 
1.00 0.58 0.70 0.78 0.85 0.90 0.94 0.96 0.97 0.98 0.99 0.99 0.99 0.99 0.99 0.99 0.99 0.99 
1.00 0.58 0.71 0.80 0.87 0.92 0.96 0.98 0.99 1.00 1.01 1.01 1.01 1.01 1.01 1.01 1.01 1.01 
1.00 0.59 0.72 0.81 0.88 0.94 0.98 1.00 1.02 1.03 1.03 1.03 1.03 1.03 1.04 1.04 1.04 1.04 
1.00 0.59 0.74 0.83 0.91 0.97 1.01 1.03 1.05 1.06 1.06 1.07 1.07 1.07 1.07 1.07 1.07 1.07 
1.00 0.61 0.76 0.86 0.95 1.01 1.05 1.08 1.09 1.10 1.11 1.11 1.11 1.11 1.11 1.11 1.11 1.11 
1.00 0.62 0.79 0.90 0.99 1.06 1.11 1.14 1.15 1.16 1.17 1.17 1.17 1.17 1.17 1.17 1.17 1.17 
1.00 0.65 0.84 0.96 1.06 1.13 1.18 1.21 1.23 1.24 1.25 1.25 1.25 1.25 1.25 1.25 1.25 1.25 
1.00 0.70 0.90 1.04 1.14 1.22 1.27 1.30 1.32 1.33 1.34 1.34 1.34 1.34 1.34 1.34 1.34 1.34 
1.00 0.78 1.00 1.13 1.24 1.31 1.37 1.40 1.42 1.43 1.44 1.44 1.45 1.45 1.45 1.45 1.45 1.45 
2.00 0.95 1.12 1.24 1.34 1.42 1.47 1.51 1.53 1.54 1.55 1.55 1.55 1.55 1.55 1.55 1.55 1.55 
