2.00 1.33 1.65 1.86 2.03 2.16 2.26 2.33 2.38 2.41 2.43 2.44 2.45 2.45 2.45 2.45 2.45 2.45 
3.00 1.50 1.77 1.95 2.11 2.25 2.35 2.42 2.47 2.50 2.52 2.53 2.54 2.54 2.55 2.55 2.55 2.55 
3.00 1.58 1.85 2.03 2.20 2.33 2.43 2.51 2.56 2.59 2.61 2.63 2.63 2.64 2.64 2.64 2.64 2.64 
3.00 1.62 1.91 2.10 2.27 2.41 2.51 2.59 2.64 2.68 2.70 2.71 2.72 2.72 2.72 2.72 2.72 2.72 
3.00 1.65 1.96 2.15 2.33 2.47 2.58 2.66 2.72 2.75 2.77 2.78 2.79 2.79 2.80 2.80 2.80 2.80 
3.00 1.66 1.99 2.20 2.38 2.53 2.64 2.72 2.78 2.81 2.83 2.85 2.85 2.86 2.86 2.86 2.86 2.86 
3.00 1.68 2.01 2.23 2.42 2.57 2.68 2.77 2.82 2.86 2.88 2.90 2.90 2.91 2.91 2.91 2.91 2.91 
3.00 1.69 2.03 2.25 2.45 2.60 2.72 2.80 2.86 2.90 2.92 2.94 2.94 2.95 2.95 2.95 2.95 2.95 
3.00 1.69 2.04 2.27 2.47 2.63 2.75 2.84 2.89 2.93 2.96 2.97 2.98 2.98 2.98 2.98 2.98 2.98 
3.00 1.70 2.06 2.29 2.49 2.65 2.78 2.87 2.93 2.96 2.99 3.00 3.01 3.01 3.01 3.02 3.02 3.02 
3.00 1.71 2.07 2.31 2.52 2.68 2.81 2.90 2.96 3.00 3.02 3.03 3.04 3.05 3.05 3.05 3.05 3.05 
3.00 1.72 2.09 2.33 2.55 2.72 2.84 2.93 3.00 3.04 3.06 3.07 3.08 3.09 3.09 3.09 3.09 3.09 
3.00 1.73 2.11 2.37 2.58 2.76 2.89 2.98 3.04 3.09 3.11 3.12 3.13 3.14 3.14 3.14 3.14 3.14 
3.00 1.75 2.14 2.41 2.63 2.81 2.94 3.04 3.10 3.15 3.17 3.19 3.19 3.20 3.20 3.20 3.20 3.20 
3.00 1.77 2.19 2.46 2.69 2.88 3.01 3.11 3.18 3.22 3.24 3.26 3.27 3.27 3.27 3.28 3.28 3.28 
3.00 1.81 2.25 2.53 2.77 2.95 3.09 3.19 3.26 3.30 3.33 3.34 3.35 3.36 3.36 3.36 3.36 3.36 
3.00 1.90 2.33 2.61 2.85 3.04 3.18 3.28 3.35 3.39 3.42 3.44 3.44 3.45 3.45 3.45 3.45 3.45 
4.00 2.06 2.46 2.72 2.95 3.14 3.28 3.38 3.45 3.49 3.52 3.53 3.54 3.54 3.55 3.55 3.55 3.55 
