4.00 2.61 3.27 3.69 3.99 4.20 4.32 4.38 4.41 4.43 4.43 4.43 4.43 4.44 4.44 4.44 4.44 4.44 
5.00 2.77 3.39 3.79 4.10 4.30 4.43 4.50 4.54 4.55 4.56 4.56 4.56 4.56 4.56 4.56 4.56 4.56 
5.00 2.86 3.49 3.90 4.21 4.42 4.55 4.62 4.66 4.67 4.68 4.68 4.68 4.68 4.68 4.68 4.68 4.68 
5.00 2.91 3.57 3.98 4.30 4.52 4.65 4.72 4.76 4.78 4.78 4.79 4.79 4.79 4.79 4.79 4.79 4.79 
5.00 2.94 3.62 4.05 4.37 4.59 4.73 4.80 4.84 4.86 4.86 4.87 4.87 4.87 4.87 4.87 4.87 4.87 
5.00 2.96 3.65 4.09 4.42 4.64 4.78 4.86 4.89 4.91 4.92 4.92 4.92 4.92 4.92 4.92 4.92 4.92 
5.00 2.97 3.67 4.11 4.45 4.67 4.81 4.89 4.93 4.95 4.95 4.96 4.96 4.96 4.96 4.96 4.96 4.96 
5.00 2.98 3.68 4.13 4.46 4.69 4.83 4.91 4.95 4.96 4.97 4.97 4.98 4.98 4.98 4.98 4.98 4.98 
5.00 2.98 3.68 4.13 4.47 4.69 4.83 4.91 4.95 4.97 4.97 4.98 4.98 4.98 4.98 4.98 4.98 4.98 
5.00 2.97 3.67 4.12 4.46 4.68 4.82 4.90 4.94 4.95 4.96 4.96 4.97 4.97 4.97 4.97 4.97 4.97 
5.00 2.96 3.66 4.10 4.43 4.65 4.79 4.86 4.90 4.92 4.92 4.93 4.93 4.93 4.93 4.93 4.93 4.93 
5.00 2.94 3.62 4.04 4.37 4.58 4.71 4.79 4.82 4.84 4.85 4.85 4.85 4.85 4.85 4.85 4.85 4.85 
5.00 2.91 3.55 3.95 4.25 4.46 4.58 4.65 4.69 4.70 4.71 4.71 4.71 4.71 4.71 4.71 4.71 4.71 
5.00 2.85 3.44 3.80 4.07 4.25 4.37 4.43 4.46 4.47 4.48 4.48 4.48 4.48 4.48 4.48 4.48 4.48 
5.00 2.77 3.28 3.58 3.80 3.95 4.04 4.10 4.12 4.13 4.14 4.14 4.14 4.14 4.14 4.14 4.14 4.14 
5.00 2.66 3.07 3.28 3.44 3.55 3.62 3.66 3.68 3.69 3.69 3.69 3.69 3.69 3.69 3.69 3.69 3.69 
5.00 2.36 2.66 2.77 2.85 2.91 2.94 2.96 2.97 2.98 2.98 2.98 2.98 2.98 2.98 2.98 2.98 2.98 
5.00 5.00 5.00 5.00 5.00 5.00 5.00 5.00 5.00 5.00 5.00 5.00 5.00 5.00 5.00 5.00 5.00 5.00 
