3.00 1.90 2.34 2.62 2.86 3.05 3.19 3.29 3.35 3.40 3.42 3.44 3.44 3.45 3.45 3.45 3.45 3.45 
4.00 2.06 2.45 2.71 2.94 3.13 3.27 3.37 3.44 3.49 3.51 3.53 3.54 3.54 3.55 3.55 3.55 3.55 
4.00 2.14 2.54 2.79 3.02 3.21 3.36 3.46 3.53 3.58 3.60 3.62 3.63 3.63 3.64 3.64 3.64 3.64 
4.00 2.19 2.60 2.86 3.10 3.29 3.43 3.54 3.61 3.66 3.69 3.71 3.71 3.72 3.72 3.72 3.72 3.72 
4.00 2.21 2.64 2.91 3.16 3.35 3.50 3.61 3.69 3.73 3.76 3.78 3.79 3.79 3.80 3.80 3.80 3.80 
4.00 2.23 2.67 2.96 3.21 3.41 3.56 3.67 3.75 3.79 3.82 3.84 3.85 3.86 3.86 3.86 3.86 3.86 
4.00 2.24 2.69 2.99 3.24 3.45 3.60 3.72 3.79 3.84 3.87 3.89 3.90 3.91 3.91 3.91 3.91 3.91 
4.00 2.25 2.71 3.01 3.27 3.48 3.64 3.75 3.83 3.88 3.91 3.93 3.94 3.95 3.95 3.95 3.95 3.95 
4.00 2.26 2.73 3.03 3.30 3.51 3.67 3.79 3.86 3.92 3.95 3.96 3.97 3.98 3.98 3.98 3.98 3.98 
4.00 2.26 2.74 3.05 3.32 3.54 3.70 3.82 3.90 3.95 3.98 4.00 4.01 4.01 4.01 4.01 4.02 4.02 
4.00 2.27 2.75 3.07 3.34 3.56 3.73 3.85 3.93 3.98 4.01 4.03 4.04 4.04 4.05 4.05 4.05 4.05 
4.00 2.28 2.77 3.09 3.37 3.60 3.76 3.88 3.97 4.02 4.05 4.07 4.08 4.09 4.09 4.09 4.09 4.09 
4.00 2.29 2.79 3.13 3.41 3.64 3.81 3.93 4.01 4.07 4.10 4.12 4.13 4.14 4.14 4.14 4.14 4.14 
4.00 2.31 2.82 3.17 3.46 3.69 3.87 3.99 4.07 4.13 4.16 4.18 4.19 4.20 4.20 4.20 4.20 4.20 
4.00 2.34 2.87 3.22 3.52 3.76 3.93 4.06 4.15 4.20 4.24 4.25 4.27 4.27 4.27 4.28 4.28 4.28 
4.00 2.38 2.93 3.29 3.59 3.83 4.01 4.14 4.23 4.29 4.32 4.34 4.35 4.36 4.36 4.36 4.36 4.36 
4.00 2.46 3.01 3.37 3.68 3.92 4.10 4.23 4.32 4.38 4.41 4.43 4.44 4.45 4.45 4.45 4.45 4.45 
5.00 2.63 3.14 3.48 3.78 4.02 4.20 4.33 4.42 4.47 4.51 4.53 4.54 4.54 4.55 4.55 4.55 4.55 
