3.00 1.97 2.47 2.78 3.02 3.19 3.30 3.37 3.41 3.43 3.43 3.44 3.44 3.44 3.44 3.44 3.44 3.44 
4.00 2.14 2.58 2.88 3.12 3.29 3.41 3.48 3.52 3.54 3.55 3.55 3.56 3.56 3.56 3.56 3.56 3.56 
4.00 2.22 2.68 2.98 3.22 3.40 3.52 3.59 3.63 3.65 3.66 3.67 3.67 3.67 3.67 3.67 3.67 3.67 
4.00 2.27 2.75 3.06 3.31 3.49 3.61 3.68 3.73 3.75 3.76 3.76 3.77 3.77 3.77 3.77 3.77 3.77 
4.00 2.30 2.80 3.12 3.38 3.56 3.69 3.76 3.80 3.83 3.84 3.84 3.84 3.85 3.85 3.85 3.85 3.85 
4.00 2.32 2.83 3.16 3.43 3.62 3.74 3.82 3.86 3.89 3.90 3.90 3.90 3.90 3.90 3.90 3.90 3.90 
4.00 2.33 2.85 3.19 3.46 3.65 3.78 3.86 3.90 3.93 3.94 3.94 3.94 3.95 3.95 3.95 3.95 3.95 
4.00 2.34 2.87 3.21 3.48 3.68 3.81 3.89 3.93 3.95 3.96 3.97 3.97 3.97 3.97 3.97 3.97 3.97 
4.00 2.34 2.88 3.22 3.50 3.69 3.82 3.90 3.95 3.97 3.98 3.99 3.99 3.99 3.99 3.99 3.99 3.99 
4.00 2.35 2.88 3.23 3.51 3.71 3.84 3.92 3.96 3.99 4.00 4.00 4.01 4.01 4.01 4.01 4.01 4.01 
4.00 2.35 2.89 3.24 3.52 3.72 3.86 3.94 3.98 4.01 4.02 4.02 4.03 4.03 4.03 4.03 4.03 4.03 
4.00 2.36 2.91 3.26 3.55 3.75 3.88 3.96 4.01 4.03 4.05 4.05 4.05 4.05 4.05 4.05 4.05 4.05 
4.00 2.37 2.93 3.29 3.58 3.79 3.92 4.00 4.05 4.07 4.09 4.09 4.09 4.09 4.10 4.10 4.10 4.10 
4.00 2.39 2.96 3.33 3.63 3.84 3.98 4.06 4.11 4.13 4.15 4.15 4.15 4.15 4.15 4.15 4.15 4.15 
4.00 2.42 3.01 3.40 3.70 3.91 4.05 4.14 4.19 4.21 4.22 4.23 4.23 4.23 4.23 4.23 4.23 4.23 
4.00 2.46 3.08 3.48 3.78 4.00 4.15 4.23 4.28 4.31 4.32 4.33 4.33 4.33 4.33 4.33 4.33 4.33 
4.00 2.55 3.17 3.57 3.89 4.11 4.25 4.34 4.39 4.42 4.43 4.44 4.44 4.44 4.44 4.44 4.44 4.44 
5.00 2.73 3.32 3.70 4.01 4.23 4.38 4.47 4.51 4.54 4.55 4.56 4.56 4.56 4.56 4.56 4.56 4.56 
