2.00 1.58 2.03 2.25 2.35 2.38 2.39 2.39 2.39 2.39 2.39 2.39 2.39 2.39 2.39 2.39 2.39 2.39 
3.00 1.76 2.21 2.43 2.54 2.58 2.60 2.60 2.60 2.60 2.60 2.60 2.60 2.60 2.60 2.60 2.60 2.60 
3.00 1.88 2.36 2.59 2.71 2.76 2.77 2.78 2.78 2.78 2.78 2.78 2.78 2.78 2.78 2.78 2.78 2.78 
3.00 1.95 2.45 2.70 2.83 2.88 2.89 2.90 2.90 2.90 2.90 2.90 2.90 2.90 2.90 2.90 2.90 2.90 
3.00 1.98 2.50 2.76 2.89 2.94 2.96 2.96 2.96 2.96 2.96 2.96 2.96 2.96 2.96 2.96 2.96 2.96 
3.00 1.99 2.52 2.78 2.92 2.97 2.98 2.99 2.99 2.99 2.99 2.99 2.99 2.99 2.99 2.99 2.99 2.99 
3.00 1.99 2.53 2.79 2.92 2.98 2.99 3.00 3.00 3.00 3.00 3.00 3.00 3.00 3.00 3.00 3.00 3.00 
3.00 1.99 2.53 2.80 2.93 2.98 2.99 3.00 3.00 3.00 3.00 3.00 3.00 3.00 3.00 3.00 3.00 3.00 
3.00 1.99 2.53 2.80 2.93 2.98 2.99 3.00 3.00 3.00 3.00 3.00 3.00 3.00 3.00 3.00 3.00 3.00 
3.00 1.99 2.53 2.80 2.93 2.98 2.99 3.00 3.00 3.00 3.00 3.00 3.00 3.00 3.00 3.00 3.00 3.00 
3.00 1.99 2.53 2.80 2.93 2.98 3.00 3.00 3.00 3.00 3.00 3.00 3.00 3.00 3.00 3.00 3.00 3.00 
3.00 1.99 2.53 2.80 2.93 2.98 3.00 3.00 3.00 3.00 3.00 3.00 3.00 3.00 3.00 3.00 3.00 3.00 
3.00 2.00 2.54 2.81 2.94 2.99 3.01 3.01 3.01 3.01 3.01 3.01 3.01 3.01 3.01 3.01 3.01 3.01 
3.00 2.01 2.56 2.83 2.97 3.02 3.03 3.04 3.04 3.04 3.04 3.04 3.04 3.04 3.04 3.04 3.04 3.04 
3.00 2.04 2.61 2.89 3.03 3.08 3.10 3.10 3.10 3.10 3.10 3.10 3.10 3.10 3.10 3.10 3.10 3.10 
3.00 2.10 2.70 3.00 3.14 3.20 3.22 3.22 3.22 3.22 3.22 3.22 3.22 3.22 3.22 3.22 3.22 3.22 
3.00 2.22 2.85 3.16 3.32 3.37 3.39 3.40 3.40 3.40 3.40 3.40 3.40 3.40 3.40 3.40 3.40 3.40 
4.00 2.46 3.10 3.40 3.54 3.59 3.60 3.61 3.61 3.61 3.61 3.61 3.61 3.61 3.61 3.61 3.61 3.61 
