2.00 1.36 1.71 1.93 2.10 2.23 2.32 2.37 2.41 2.43 2.44 2.44 2.44 2.45 2.45 2.45 2.45 2.45 
3.00 1.53 1.83 2.02 2.19 2.32 2.41 2.47 2.51 2.53 2.54 2.55 2.55 2.55 2.55 2.55 2.55 2.55 
3.00 1.61 1.92 2.12 2.29 2.42 2.51 2.58 2.61 2.63 2.65 2.65 2.65 2.66 2.66 2.66 2.66 2.66 
3.00 1.66 1.98 2.19 2.37 2.51 2.60 2.67 2.70 2.73 2.74 2.74 2.75 2.75 2.75 2.75 2.75 2.75 
3.00 1.69 2.03 2.25 2.44 2.58 2.68 2.74 2.78 2.80 2.82 2.82 2.82 2.83 2.83 2.83 2.83 2.83 
3.00 1.70 2.06 2.29 2.48 2.63 2.73 2.80 2.84 2.86 2.88 2.88 2.89 2.89 2.89 2.89 2.89 2.89 
3.00 1.72 2.08 2.32 2.52 2.67 2.77 2.84 2.88 2.91 2.92 2.93 2.93 2.93 2.93 2.93 2.93 2.93 
3.00 1.72 2.10 2.34 2.55 2.70 2.80 2.87 2.92 2.94 2.95 2.96 2.96 2.96 2.96 2.96 2.96 2.96 
3.00 1.73 2.11 2.36 2.56 2.72 2.83 2.90 2.94 2.96 2.98 2.98 2.99 2.99 2.99 2.99 2.99 2.99 
3.00 1.74 2.12 2.37 2.58 2.74 2.85 2.92 2.96 2.99 3.00 3.01 3.01 3.01 3.01 3.01 3.01 3.01 
3.00 1.74 2.13 2.39 2.60 2.76 2.87 2.94 2.98 3.01 3.02 3.03 3.03 3.03 3.03 3.04 3.04 3.04 
3.00 1.75 2.15 2.41 2.62 2.79 2.90 2.97 3.02 3.04 3.06 3.06 3.07 3.07 3.07 3.07 3.07 3.07 
3.00 1.76 2.17 2.44 2.66 2.82 2.94 3.01 3.06 3.09 3.10 3.11 3.11 3.11 3.11 3.11 3.11 3.11 
3.00 1.78 2.20 2.48 2.71 2.88 3.00 3.07 3.12 3.15 3.16 3.17 3.17 3.17 3.17 3.17 3.17 3.17 
3.00 1.81 2.25 2.54 2.77 2.95 3.07 3.15 3.20 3.22 3.24 3.24 3.25 3.25 3.25 3.25 3.25 3.25 
3.00 1.85 2.31 2.62 2.86 3.03 3.16 3.24 3.29 3.32 3.33 3.34 3.34 3.34 3.34 3.34 3.34 3.34 
3.00 1.94 2.41 2.71 2.95 3.13 3.26 3.34 3.39 3.42 3.43 3.44 3.44 3.45 3.45 3.45 3.45 3.45 
4.00 2.11 2.54 2.82 3.06 3.24 3.37 3.45 3.50 3.53 3.54 3.55 3.55 3.55 3.55 3.55 3.55 3.55 
