3.00 2.51 3.13 3.30 3.33 3.33 3.33 3.33 3.33 3.33 3.33 3.33 3.33 3.33 3.33 3.33 3.33 3.33 
4.00 2.70 3.36 3.58 3.63 3.65 3.65 3.65 3.65 3.65 3.65 3.65 3.65 3.65 3.65 3.65 3.65 3.65 
4.00 2.85 3.56 3.79 3.85 3.86 3.86 3.86 3.86 3.86 3.86 3.86 3.86 3.86 3.86 3.86 3.86 3.86 
4.00 2.91 3.65 3.89 3.95 3.96 3.96 3.96 3.96 3.96 3.96 3.96 3.96 3.96 3.96 3.96 3.96 3.96 
4.00 2.93 3.68 3.92 3.98 3.99 3.99 3.99 3.99 3.99 3.99 3.99 3.99 3.99 3.99 3.99 3.99 3.99 
4.00 2.93 3.68 3.92 3.99 4.00 4.00 4.00 4.00 4.00 4.00 4.00 4.00 4.00 4.00 4.00 4.00 4.00 
4.00 2.93 3.68 3.92 3.99 4.00 4.00 4.00 4.00 4.00 4.00 4.00 4.00 4.00 4.00 4.00 4.00 4.00 
4.00 2.93 3.68 3.92 3.99 4.00 4.00 4.00 4.00 4.00 4.00 4.00 4.00 4.00 4.00 4.00 4.00 4.00 
4.00 2.93 3.68 3.92 3.99 4.00 4.00 4.00 4.00 4.00 4.00 4.00 4.00 4.00 4.00 4.00 4.00 4.00 
4.00 2.93 3.68 3.92 3.99 4.00 4.00 4.00 4.00 4.00 4.00 4.00 4.00 4.00 4.00 4.00 4.00 4.00 
4.00 2.93 3.68 3.92 3.99 4.00 4.00 4.00 4.00 4.00 4.00 4.00 4.00 4.00 4.00 4.00 4.00 4.00 
4.00 2.93 3.68 3.92 3.99 4.00 4.00 4.00 4.00 4.00 4.00 4.00 4.00 4.00 4.00 4.00 4.00 4.00 
4.00 2.93 3.68 3.92 3.99 4.00 4.00 4.00 4.00 4.00 4.00 4.00 4.00 4.00 4.00 4.00 4.00 4.00 
4.00 2.94 3.69 3.93 3.99 4.01 4.01 4.01 4.01 4.01 4.01 4.01 4.01 4.01 4.01 4.01 4.01 4.01 
4.00 2.95 3.71 3.96 4.02 4.03 4.04 4.04 4.04 4.04 4.04 4.04 4.04 4.04 4.04 4.04 4.04 4.04 
4.00 3.01 3.80 4.05 4.12 4.13 4.14 4.14 4.14 4.14 4.14 4.14 4.14 4.14 4.14 4.14 4.14 4.14 
4.00 3.17 4.00 4.27 4.34 4.35 4.35 4.35 4.35 4.35 4.35 4.35 4.35 4.35 4.35 4.35 4.35 4.35 
5.00 3.55 4.40 4.61 4.66 4.67 4.67 4.67 4.67 4.67 4.67 4.67 4.67 4.67 4.67 4.67 4.67 4.67 
