1.00 0.78 0.98 1.11 1.22 1.30 1.35 1.39 1.42 1.43 1.44 1.45 1.45 1.45 1.45 1.45 1.45 1.45 
2.00 0.94 1.10 1.21 1.31 1.39 1.45 1.49 1.51 1.53 1.54 1.55 1.55 1.55 1.55 1.55 1.55 1.55 
2.00 1.02 1.19 1.30 1.40 1.48 1.54 1.58 1.61 1.63 1.64 1.64 1.64 1.65 1.65 1.65 1.65 1.65 
2.00 1.07 1.25 1.37 1.47 1.56 1.62 1.67 1.70 1.71 1.72 1.73 1.73 1.73 1.74 1.74 1.74 1.74 
2.00 1.09 1.30 1.42 1.54 1.63 1.69 1.74 1.77 1.79 1.80 1.81 1.81 1.81 1.81 1.81 1.81 1.81 
2.00 1.11 1.33 1.47 1.59 1.68 1.75 1.80 1.83 1.85 1.86 1.87 1.87 1.87 1.87 1.87 1.87 1.87 
2.00 1.12 1.35 1.50 1.62 1.72 1.79 1.84 1.88 1.90 1.91 1.91 1.92 1.92 1.92 1.92 1.92 1.92 
2.00 1.13 1.37 1.52 1.65 1.75 1.83 1.88 1.91 1.93 1.94 1.95 1.95 1.96 1.96 1.96 1.96 1.96 
2.00 1.14 1.38 1.54 1.67 1.78 1.85 1.91 1.94 1.96 1.97 1.98 1.98 1.99 1.99 1.99 1.99 1.99 
2.00 1.14 1.39 1.55 1.69 1.80 1.88 1.93 1.97 1.99 2.00 2.01 2.01 2.01 2.01 2.01 2.01 2.01 
2.00 1.15 1.40 1.57 1.71 1.82 1.90 1.96 2.00 2.02 2.03 2.04 2.04 2.04 2.04 2.04 2.04 2.04 
2.00 1.16 1.42 1.60 1.74 1.86 1.94 1.99 2.03 2.05 2.07 2.07 2.08 2.08 2.08 2.08 2.08 2.08 
2.00 1.17 1.44 1.63 1.78 1.90 1.98 2.04 2.08 2.10 2.11 2.12 2.12 2.13 2.13 2.13 2.13 2.13 
2.00 1.19 1.48 1.67 1.83 1.95 2.04 2.10 2.14 2.16 2.17 2.18 2.19 2.19 2.19 2.19 2.19 2.19 
2.00 1.22 1.52 1.72 1.89 2.02 2.11 2.17 2.21 2.24 2.25 2.26 2.26 2.26 2.26 2.26 2.26 2.26 
2.00 1.26 1.58 1.80 1.97 2.10 2.19 2.26 2.30 2.32 2.34 2.35 2.35 2.35 2.35 2.35 2.35 2.35 
2.00 1.34 1.67 1.88 2.06 2.19 2.28 2.35 2.39 2.42 2.43 2.44 2.45 2.45 2.45 2.45 2.45 2.45 
3.00 1.51 1.80 1.99 2.16 2.29 2.39 2.45 2.50 2.52 2.54 2.54 2.55 2.55 2.55 2.55 2.55 2.55 
