2.00 1.35 1.68 1.89 2.06 2.19 2.29 2.35 2.40 2.42 2.43 2.44 2.45 2.45 2.45 2.45 2.45 2.45 
3.00 1.51 1.79 1.98 2.15 2.28 2.38 2.45 2.49 2.52 2.53 2.54 2.55 2.55 2.55 2.55 2.55 2.55 
3.00 1.59 1.88 2.07 2.24 2.37 2.47 2.54 2.59 2.61 2.63 2.64 2.64 2.65 2.65 2.65 2.65 2.65 
3.00 1.64 1.94 2.14 2.32 2.45 2.56 2.63 2.67 2.70 2.72 2.73 2.73 2.73 2.73 2.74 2.74 2.74 
3.00 1.66 1.99 2.20 2.38 2.52 2.63 2.70 2.75 2.78 2.79 2.80 2.81 2.81 2.81 2.81 2.81 2.81 
3.00 1.68 2.02 2.24 2.43 2.57 2.68 2.76 2.81 2.84 2.85 2.86 2.87 2.87 2.87 2.87 2.87 2.87 
3.00 1.69 2.04 2.27 2.46 2.62 2.73 2.80 2.85 2.88 2.90 2.91 2.92 2.92 2.92 2.92 2.92 2.92 
3.00 1.70 2.06 2.29 2.49 2.65 2.76 2.84 2.89 2.92 2.94 2.95 2.95 2.96 2.96 2.96 2.96 2.96 
3.00 1.71 2.07 2.31 2.51 2.67 2.79 2.87 2.92 2.95 2.97 2.98 2.98 2.98 2.99 2.99 2.99 2.99 
3.00 1.72 2.09 2.33 2.53 2.69 2.81 2.89 2.94 2.98 2.99 3.00 3.01 3.01 3.01 3.01 3.01 3.01 
3.00 1.72 2.10 2.35 2.56 2.72 2.84 2.92 2.97 3.00 3.02 3.03 3.04 3.04 3.04 3.04 3.04 3.04 
3.00 1.73 2.11 2.37 2.58 2.75 2.87 2.95 3.01 3.04 3.06 3.07 3.07 3.08 3.08 3.08 3.08 3.08 
3.00 1.74 2.14 2.40 2.62 2.79 2.91 3.00 3.05 3.09 3.11 3.12 3.12 3.13 3.13 3.13 3.13 3.13 
3.00 1.76 2.17 2.44 2.67 2.84 2.97 3.06 3.11 3.15 3.17 3.18 3.18 3.19 3.19 3.19 3.19 3.19 
3.00 1.79 2.21 2.50 2.73 2.91 3.04 3.13 3.19 3.22 3.24 3.25 3.26 3.26 3.26 3.26 3.26 3.26 
3.00 1.83 2.28 2.57 2.81 2.99 3.13 3.22 3.27 3.31 3.33 3.34 3.35 3.35 3.35 3.35 3.35 3.35 
3.00 1.92 2.37 2.66 2.90 3.08 3.22 3.31 3.37 3.41 3.43 3.44 3.44 3.45 3.45 3.45 3.45 3.45 
4.00 2.09 2.49 2.77 3.00 3.19 3.32 3.41 3.47 3.51 3.53 3.54 3.55 3.55 3.55 3.55 3.55 3.55 
