4.00 2.49 3.07 3.44 3.75 3.99 4.16 4.28 4.35 4.40 4.42 4.44 4.44 4.45 4.45 4.45 4.45 4.45 
5.00 2.65 3.18 3.53 3.83 4.07 4.25 4.37 4.44 4.49 4.52 4.54 4.54 4.55 4.55 4.55 4.55 4.55 
5.00 2.74 3.27 3.62 3.92 4.16 4.34 4.46 4.54 4.59 4.62 4.63 4.64 4.64 4.65 4.65 4.65 4.65 
5.00 2.78 3.33 3.69 4.00 4.24 4.42 4.54 4.63 4.67 4.70 4.72 4.73 4.73 4.73 4.73 4.73 4.73 
5.00 2.81 3.37 3.74 4.06 4.31 4.49 4.62 4.70 4.75 4.78 4.79 4.80 4.80 4.81 4.81 4.81 4.81 
5.00 2.82 3.40 3.78 4.10 4.36 4.54 4.67 4.75 4.80 4.83 4.85 4.86 4.86 4.86 4.86 4.86 4.86 
5.00 2.83 3.42 3.81 4.13 4.39 4.58 4.70 4.79 4.84 4.87 4.89 4.89 4.90 4.90 4.90 4.90 4.90 
5.00 2.84 3.43 3.82 4.15 4.40 4.59 4.72 4.80 4.86 4.88 4.90 4.91 4.91 4.91 4.92 4.92 4.92 
5.00 2.84 3.43 3.81 4.14 4.40 4.58 4.71 4.80 4.85 4.88 4.89 4.90 4.90 4.91 4.91 4.91 4.91 
5.00 2.83 3.41 3.79 4.11 4.37 4.55 4.68 4.76 4.81 4.84 4.85 4.86 4.86 4.87 4.87 4.87 4.87 
5.00 2.81 3.38 3.75 4.06 4.30 4.48 4.60 4.68 4.73 4.76 4.77 4.78 4.79 4.79 4.79 4.79 4.79 
5.00 2.79 3.33 3.68 3.97 4.20 4.37 4.48 4.56 4.61 4.63 4.65 4.65 4.66 4.66 4.66 4.66 4.66 
5.00 2.75 3.26 3.57 3.84 4.05 4.20 4.31 4.38 4.42 4.44 4.46 4.46 4.47 4.47 4.47 4.47 4.47 
5.00 2.70 3.16 3.43 3.66 3.84 3.98 4.07 4.13 4.16 4.18 4.19 4.20 4.20 4.20 4.21 4.21 4.21 
5.00 2.63 3.03 3.25 3.43 3.58 3.68 3.76 3.80 3.83 3.85 3.86 3.86 3.86 3.87 3.87 3.87 3.87 
5.00 2.56 2.88 3.03 3.16 3.26 3.34 3.39 3.42 3.44 3.45 3.46 3.46 3.46 3.47 3.47 3.47 3.47 
5.00 2.30 2.56 2.63 2.70 2.75 2.79 2.81 2.83 2.84 2.85 2.85 2.85 2.85 2.85 2.85 2.85 2.85 
5.00 5.00 5.00 5.00 5.00 5.00 5.00 5.00 5.00 5.00 5.00 5.00 5.00 5.00 5.00 5.00 5.00 5.00 
