4.00 3.26 4.07 4.28 4.33 4.33 4.33 4.33 4.33 4.33 4.33 4.33 4.33 4.33 4.33 4.33 4.33 4.33 
5.00 3.43 4.28 4.56 4.63 4.64 4.65 4.65 4.65 4.65 4.65 4.65 4.65 4.65 4.65 4.65 4.65 4.65 
5.00 3.58 4.48 4.77 4.85 4.86 4.86 4.86 4.86 4.86 4.86 4.86 4.86 4.86 4.86 4.86 4.86 4.86 
5.00 3.64 4.57 4.87 4.95 4.96 4.96 4.96 4.96 4.96 4.96 4.96 4.96 4.96 4.96 4.96 4.96 4.96 
5.00 3.66 4.60 4.90 4.98 4.99 4.99 4.99 4.99 4.99 4.99 4.99 4.99 4.99 4.99 4.99 4.99 4.99 
5.00 3.66 4.60 4.90 4.98 5.00 5.00 5.00 5.00 5.00 5.00 5.00 5.00 5.00 5.00 5.00 5.00 5.00 
5.00 3.66 4.60 4.90 4.98 5.00 5.00 5.00 5.00 5.00 5.00 5.00 5.00 5.00 5.00 5.00 5.00 5.00 
5.00 3.66 4.60 4.90 4.98 5.00 5.00 5.00 5.00 5.00 5.00 5.00 5.00 5.00 5.00 5.00 5.00 5.00 
5.00 3.66 4.60 4.90 4.98 5.00 5.00 5.00 5.00 5.00 5.00 5.00 5.00 5.00 5.00 5.00 5.00 5.00 
5.00 3.66 4.60 4.90 4.98 5.00 5.00 5.00 5.00 5.00 5.00 5.00 5.00 5.00 5.00 5.00 5.00 5.00 
5.00 3.66 4.60 4.90 4.98 5.00 5.00 5.00 5.00 5.00 5.00 5.00 5.00 5.00 5.00 5.00 5.00 5.00 
5.00 3.66 4.60 4.90 4.98 5.00 5.00 5.00 5.00 5.00 5.00 5.00 5.00 5.00 5.00 5.00 5.00 5.00 
5.00 3.66 4.60 4.90 4.98 5.00 5.00 5.00 5.00 5.00 5.00 5.00 5.00 5.00 5.00 5.00 5.00 5.00 
5.00 3.65 4.59 4.89 4.97 4.98 4.98 4.98 4.98 4.98 4.98 4.98 4.98 4.98 4.98 4.98 4.98 4.98 
5.00 3.61 4.52 4.81 4.89 4.90 4.90 4.90 4.90 4.90 4.90 4.90 4.90 4.90 4.90 4.90 4.90 4.90 
5.00 3.45 4.26 4.52 4.59 4.60 4.60 4.60 4.60 4.60 4.60 4.60 4.60 4.60 4.60 4.60 4.60 4.60 
5.00 2.87 3.45 3.61 3.65 3.66 3.66 3.66 3.66 3.66 3.66 3.66 3.66 3.66 3.66 3.66 3.66 3.66 
5.00 5.00 5.00 5.00 5.00 5.00 5.00 5.00 5.00 5.00 5.00 5.00 5.00 5.00 5.00 5.00 5.00 5.00 
