0.00 0.20 0.28 0.33 0.37 0.39 0.41 0.43 0.44 0.45 0.45 0.45 0.45 0.45 0.45 0.45 0.45 0.45 
1.00 0.36 0.39 0.42 0.45 0.48 0.50 0.51 0.53 0.53 0.54 0.54 0.54 0.54 0.54 0.54 0.54 0.54 
1.00 0.44 0.48 0.50 0.53 0.56 0.58 0.60 0.61 0.62 0.62 0.63 0.63 0.63 0.63 0.63 0.63 0.63 
1.00 0.48 0.54 0.57 0.60 0.63 0.66 0.67 0.69 0.70 0.71 0.71 0.71 0.71 0.71 0.71 0.71 0.71 
1.00 0.51 0.58 0.62 0.66 0.69 0.72 0.74 0.76 0.77 0.78 0.78 0.78 0.79 0.79 0.79 0.79 0.79 
1.00 0.53 0.61 0.66 0.71 0.75 0.78 0.80 0.82 0.83 0.84 0.84 0.85 0.85 0.85 0.85 0.85 0.85 
1.00 0.54 0.63 0.69 0.74 0.79 0.82 0.85 0.87 0.88 0.89 0.89 0.90 0.90 0.90 0.90 0.90 0.90 
1.00 0.55 0.65 0.72 0.78 0.82 0.86 0.89 0.91 0.92 0.93 0.94 0.94 0.94 0.94 0.94 0.94 0.94 
1.00 0.56 0.67 0.74 0.80 0.85 0.89 0.92 0.95 0.96 0.97 0.98 0.98 0.98 0.98 0.98 0.98 0.98 
1.00 0.56 0.68 0.76 0.83 0.88 0.93 0.96 0.98 1.00 1.00 1.01 1.01 1.02 1.02 1.02 1.02 1.02 
1.00 0.57 0.70 0.78 0.85 0.91 0.96 0.99 1.02 1.03 1.04 1.05 1.05 1.05 1.05 1.06 1.06 1.06 
1.00 0.58 0.71 0.81 0.88 0.95 1.00 1.03 1.06 1.07 1.08 1.09 1.09 1.10 1.10 1.10 1.10 1.10 
1.00 0.59 0.74 0.84 0.92 0.99 1.04 1.08 1.11 1.12 1.14 1.14 1.15 1.15 1.15 1.15 1.15 1.15 
1.00 0.61 0.77 0.88 0.97 1.04 1.10 1.14 1.17 1.19 1.20 1.20 1.21 1.21 1.21 1.21 1.21 1.21 
1.00 0.64 0.81 0.93 1.03 1.11 1.16 1.21 1.24 1.26 1.27 1.28 1.28 1.28 1.28 1.29 1.29 1.29 
1.00 0.68 0.87 1.00 1.10 1.18 1.24 1.28 1.32 1.34 1.35 1.36 1.36 1.36 1.37 1.37 1.37 1.37 
1.00 0.76 0.95 1.08 1.18 1.26 1.32 1.37 1.40 1.42 1.44 1.44 1.45 1.45 1.45 1.45 1.45 1.46 
2.00 0.92 1.07 1.17 1.27 1.35 1.41 1.46 1.49 1.51 1.53 1.54 1.54 1.54 1.54 1.54 1.55 1.55 
