1.00 0.76 0.96 1.08 1.18 1.26 1.33 1.37 1.40 1.42 1.44 1.44 1.45 1.45 1.45 1.45 1.45 1.45 
2.00 0.92 1.07 1.17 1.26 1.34 1.41 1.45 1.49 1.51 1.53 1.53 1.54 1.54 1.54 1.54 1.54 1.54 
2.00 1.00 1.15 1.25 1.34 1.42 1.49 1.54 1.57 1.60 1.61 1.62 1.63 1.63 1.63 1.63 1.63 1.63 
2.00 1.04 1.21 1.32 1.41 1.50 1.57 1.62 1.65 1.68 1.69 1.70 1.71 1.71 1.71 1.71 1.71 1.71 
2.00 1.07 1.25 1.37 1.47 1.56 1.63 1.68 1.72 1.75 1.76 1.77 1.78 1.78 1.78 1.79 1.79 1.79 
2.00 1.09 1.28 1.41 1.52 1.61 1.69 1.74 1.78 1.81 1.83 1.84 1.84 1.85 1.85 1.85 1.85 1.85 
2.00 1.10 1.31 1.44 1.56 1.66 1.73 1.79 1.83 1.86 1.88 1.89 1.89 1.90 1.90 1.90 1.90 1.90 
2.00 1.11 1.33 1.47 1.59 1.69 1.77 1.83 1.87 1.90 1.92 1.93 1.94 1.94 1.94 1.94 1.94 1.94 
2.00 1.12 1.34 1.49 1.62 1.72 1.80 1.87 1.91 1.94 1.96 1.97 1.97 1.98 1.98 1.98 1.98 1.98 
2.00 1.13 1.36 1.51 1.64 1.75 1.84 1.90 1.94 1.97 1.99 2.00 2.01 2.01 2.02 2.02 2.02 2.02 
2.00 1.13 1.37 1.53 1.67 1.78 1.87 1.93 1.98 2.01 2.03 2.04 2.05 2.05 2.05 2.05 2.06 2.06 
2.00 1.14 1.39 1.55 1.70 1.82 1.91 1.97 2.02 2.05 2.07 2.08 2.09 2.10 2.10 2.10 2.10 2.10 
2.00 1.16 1.41 1.59 1.74 1.86 1.95 2.02 2.07 2.10 2.12 2.14 2.14 2.15 2.15 2.15 2.15 2.15 
2.00 1.17 1.44 1.63 1.78 1.91 2.01 2.08 2.13 2.16 2.18 2.20 2.20 2.21 2.21 2.21 2.21 2.21 
2.00 1.20 1.49 1.68 1.84 1.97 2.07 2.15 2.20 2.23 2.26 2.27 2.28 2.28 2.28 2.28 2.29 2.29 
2.00 1.24 1.54 1.75 1.91 2.05 2.15 2.23 2.28 2.31 2.34 2.35 2.36 2.36 2.37 2.37 2.37 2.37 
2.00 1.32 1.63 1.83 1.99 2.13 2.23 2.31 2.36 2.40 2.42 2.44 2.45 2.45 2.45 2.45 2.45 2.45 
3.00 1.49 1.75 1.92 2.08 2.22 2.32 2.40 2.45 2.49 2.51 2.53 2.54 2.54 2.54 2.54 2.54 2.55 
