4.00 2.52 3.12 3.51 3.82 4.05 4.21 4.32 4.38 4.41 4.43 4.44 4.44 4.44 4.45 4.45 4.45 4.45 
5.00 2.68 3.24 3.60 3.91 4.14 4.31 4.41 4.48 4.52 4.54 4.55 4.55 4.55 4.55 4.55 4.55 4.55 
5.00 2.77 3.33 3.69 4.00 4.24 4.40 4.51 4.58 4.62 4.64 4.65 4.65 4.66 4.66 4.66 4.66 4.66 
5.00 2.81 3.39 3.77 4.08 4.32 4.49 4.60 4.67 4.71 4.73 4.74 4.75 4.75 4.75 4.75 4.75 4.75 
5.00 2.84 3.44 3.83 4.15 4.39 4.56 4.68 4.75 4.78 4.81 4.82 4.82 4.82 4.82 4.82 4.83 4.83 
5.00 2.86 3.47 3.87 4.20 4.44 4.62 4.73 4.80 4.84 4.86 4.87 4.88 4.88 4.88 4.88 4.88 4.88 
5.00 2.87 3.49 3.89 4.23 4.48 4.65 4.77 4.84 4.88 4.90 4.91 4.92 4.92 4.92 4.92 4.92 4.92 
5.00 2.87 3.50 3.91 4.24 4.49 4.67 4.79 4.86 4.90 4.92 4.93 4.94 4.94 4.94 4.94 4.94 4.94 
5.00 2.87 3.50 3.90 4.24 4.49 4.67 4.78 4.85 4.89 4.92 4.93 4.93 4.93 4.94 4.94 4.94 4.94 
5.00 2.87 3.49 3.89 4.22 4.47 4.64 4.76 4.83 4.86 4.89 4.90 4.90 4.90 4.90 4.91 4.91 4.91 
5.00 2.85 3.46 3.85 4.17 4.41 4.58 4.69 4.76 4.80 4.82 4.83 4.84 4.84 4.84 4.84 4.84 4.84 
5.00 2.83 3.41 3.78 4.09 4.32 4.48 4.58 4.65 4.69 4.71 4.72 4.72 4.72 4.72 4.72 4.72 4.72 
5.00 2.79 3.34 3.68 3.96 4.17 4.32 4.42 4.48 4.51 4.53 4.54 4.54 4.54 4.54 4.54 4.54 4.54 
5.00 2.74 3.23 3.53 3.78 3.96 4.09 4.17 4.23 4.26 4.27 4.28 4.28 4.29 4.29 4.29 4.29 4.29 
5.00 2.66 3.09 3.33 3.53 3.68 3.78 3.85 3.89 3.92 3.93 3.94 3.94 3.94 3.94 3.94 3.94 3.94 
5.00 2.58 2.93 3.09 3.23 3.34 3.41 3.46 3.49 3.51 3.52 3.52 3.52 3.53 3.53 3.53 3.53 3.53 
5.00 2.31 2.58 2.66 2.74 2.79 2.83 2.85 2.87 2.88 2.88 2.89 2.89 2.89 2.89 2.89 2.89 2.89 
5.00 5.00 5.00 5.00 5.00 5.00 5.00 5.00 5.00 5.00 5.00 5.00 5.00 5.00 5.00 5.00 5.00 5.00 
