4.00 2.45 2.98 3.33 3.63 3.87 4.06 4.20 4.30 4.36 4.40 4.42 4.44 4.45 4.45 4.45 4.45 4.45 
5.00 2.60 3.09 3.41 3.71 3.95 4.14 4.28 4.38 4.44 4.49 4.51 4.53 4.53 4.54 4.54 4.54 4.54 
5.00 2.69 3.17 3.49 3.79 4.03 4.22 4.36 4.46 4.53 4.57 4.60 4.61 4.62 4.63 4.63 4.63 4.63 
5.00 2.73 3.23 3.56 3.85 4.10 4.29 4.43 4.54 4.60 4.65 4.67 4.69 4.70 4.70 4.71 4.71 4.71 
5.00 2.75 3.27 3.61 3.91 4.16 4.35 4.50 4.60 4.67 4.71 4.74 4.76 4.77 4.77 4.77 4.77 4.77 
5.00 2.77 3.30 3.64 3.95 4.20 4.40 4.54 4.65 4.72 4.76 4.79 4.81 4.82 4.82 4.82 4.82 4.82 
5.00 2.77 3.31 3.66 3.97 4.23 4.43 4.57 4.68 4.75 4.79 4.82 4.84 4.85 4.85 4.85 4.85 4.86 
5.00 2.78 3.32 3.67 3.98 4.24 4.43 4.58 4.69 4.76 4.80 4.83 4.84 4.85 4.86 4.86 4.86 4.86 
5.00 2.77 3.31 3.66 3.97 4.22 4.42 4.56 4.67 4.74 4.78 4.81 4.82 4.83 4.84 4.84 4.84 4.84 
5.00 2.76 3.30 3.64 3.94 4.18 4.37 4.51 4.62 4.68 4.73 4.75 4.77 4.78 4.78 4.78 4.79 4.79 
5.00 2.75 3.26 3.59 3.87 4.11 4.29 4.43 4.53 4.59 4.63 4.66 4.67 4.68 4.68 4.69 4.69 4.69 
5.00 2.72 3.21 3.51 3.78 4.00 4.17 4.30 4.39 4.45 4.49 4.51 4.52 4.53 4.54 4.54 4.54 4.54 
5.00 2.69 3.14 3.41 3.65 3.85 4.00 4.12 4.20 4.25 4.29 4.31 4.32 4.33 4.33 4.33 4.34 4.34 
5.00 2.64 3.05 3.28 3.49 3.65 3.79 3.88 3.95 4.00 4.03 4.05 4.06 4.06 4.07 4.07 4.07 4.07 
5.00 2.58 2.94 3.12 3.28 3.41 3.52 3.60 3.65 3.69 3.71 3.72 3.73 3.74 3.74 3.74 3.74 3.74 
5.00 2.52 2.81 2.94 3.05 3.14 3.21 3.27 3.31 3.33 3.35 3.36 3.36 3.37 3.37 3.37 3.37 3.37 
5.00 2.28 2.52 2.58 2.64 2.69 2.72 2.75 2.77 2.78 2.79 2.80 2.80 2.80 2.80 2.80 2.80 2.80 
5.00 5.00 5.00 5.00 5.00 5.00 5.00 5.00 5.00 5.00 5.00 5.00 5.00 5.00 5.00 5.00 5.00 5.00 
