3.00 2.25 2.89 3.19 3.33 3.38 3.39 3.39 3.39 3.39 3.39 3.39 3.39 3.39 3.39 3.39 3.39 3.39 
4.00 2.43 3.05 3.36 3.52 3.58 3.59 3.60 3.60 3.60 3.60 3.60 3.60 3.60 3.60 3.60 3.60 3.60 
4.00 2.55 3.20 3.53 3.69 3.75 3.77 3.78 3.78 3.78 3.78 3.78 3.78 3.78 3.78 3.78 3.78 3.78 
4.00 2.61 3.29 3.64 3.80 3.87 3.89 3.90 3.90 3.90 3.90 3.90 3.90 3.90 3.90 3.90 3.90 3.90 
4.00 2.64 3.34 3.69 3.87 3.93 3.95 3.96 3.96 3.96 3.96 3.96 3.96 3.96 3.96 3.96 3.96 3.96 
4.00 2.65 3.36 3.72 3.89 3.96 3.98 3.99 3.99 3.99 3.99 3.99 3.99 3.99 3.99 3.99 3.99 3.99 
4.00 2.66 3.37 3.72 3.90 3.97 3.99 4.00 4.00 4.00 4.00 4.00 4.00 4.00 4.00 4.00 4.00 4.00 
4.00 2.66 3.37 3.73 3.90 3.97 3.99 4.00 4.00 4.00 4.00 4.00 4.00 4.00 4.00 4.00 4.00 4.00 
4.00 2.66 3.37 3.73 3.90 3.97 3.99 4.00 4.00 4.00 4.00 4.00 4.00 4.00 4.00 4.00 4.00 4.00 
4.00 2.66 3.37 3.73 3.90 3.97 3.99 4.00 4.00 4.00 4.00 4.00 4.00 4.00 4.00 4.00 4.00 4.00 
4.00 2.66 3.37 3.73 3.90 3.97 3.99 4.00 4.00 4.00 4.00 4.00 4.00 4.00 4.00 4.00 4.00 4.00 
4.00 2.66 3.37 3.73 3.91 3.97 4.00 4.00 4.00 4.00 4.00 4.00 4.00 4.00 4.00 4.00 4.00 4.00 
4.00 2.66 3.38 3.74 3.92 3.98 4.01 4.01 4.01 4.01 4.01 4.01 4.01 4.01 4.01 4.01 4.01 4.01 
4.00 2.67 3.40 3.76 3.94 4.01 4.03 4.04 4.04 4.04 4.04 4.04 4.04 4.04 4.04 4.04 4.04 4.04 
4.00 2.70 3.45 3.82 4.00 4.07 4.09 4.10 4.10 4.10 4.10 4.10 4.10 4.10 4.10 4.10 4.10 4.10 
4.00 2.76 3.54 3.93 4.12 4.19 4.21 4.22 4.22 4.22 4.22 4.22 4.22 4.22 4.22 4.22 4.22 4.22 
4.00 2.88 3.69 4.10 4.29 4.37 4.39 4.40 4.40 4.40 4.40 4.40 4.40 4.40 4.40 4.40 4.40 4.40 
5.00 3.14 3.95 4.34 4.52 4.58 4.60 4.61 4.61 4.61 4.61 4.61 4.61 4.61 4.61 4.61 4.61 4.61 
