1.00 0.77 0.97 1.10 1.20 1.28 1.34 1.38 1.41 1.43 1.44 1.45 1.45 1.45 1.45 1.45 1.45 1.45 
2.00 0.93 1.08 1.19 1.29 1.37 1.43 1.47 1.50 1.52 1.53 1.54 1.54 1.55 1.55 1.55 1.55 1.55 
2.00 1.01 1.17 1.27 1.37 1.45 1.51 1.56 1.59 1.61 1.62 1.63 1.64 1.64 1.64 1.64 1.64 1.64 
2.00 1.05 1.23 1.34 1.44 1.53 1.59 1.64 1.67 1.69 1.71 1.72 1.72 1.72 1.72 1.72 1.72 1.72 
2.00 1.08 1.27 1.39 1.50 1.59 1.66 1.71 1.75 1.77 1.78 1.79 1.79 1.80 1.80 1.80 1.80 1.80 
2.00 1.10 1.30 1.44 1.55 1.65 1.72 1.77 1.81 1.83 1.84 1.85 1.86 1.86 1.86 1.86 1.86 1.86 
2.00 1.11 1.33 1.47 1.59 1.69 1.76 1.82 1.85 1.88 1.89 1.90 1.91 1.91 1.91 1.91 1.91 1.91 
2.00 1.12 1.35 1.49 1.62 1.72 1.80 1.85 1.89 1.92 1.93 1.94 1.95 1.95 1.95 1.95 1.95 1.95 
2.00 1.13 1.36 1.51 1.64 1.75 1.83 1.89 1.92 1.95 1.97 1.97 1.98 1.98 1.98 1.98 1.98 1.98 
2.00 1.13 1.37 1.53 1.67 1.77 1.86 1.92 1.96 1.98 2.00 2.01 2.01 2.01 2.01 2.02 2.02 2.02 
2.00 1.14 1.39 1.55 1.69 1.80 1.89 1.95 1.99 2.01 2.03 2.04 2.04 2.05 2.05 2.05 2.05 2.05 
2.00 1.15 1.40 1.57 1.72 1.83 1.92 1.98 2.03 2.05 2.07 2.08 2.08 2.09 2.09 2.09 2.09 2.09 
2.00 1.16 1.43 1.61 1.76 1.88 1.97 2.03 2.07 2.10 2.12 2.13 2.13 2.14 2.14 2.14 2.14 2.14 
2.00 1.18 1.46 1.65 1.81 1.93 2.02 2.09 2.13 2.16 2.18 2.19 2.20 2.20 2.20 2.20 2.20 2.20 
2.00 1.21 1.50 1.70 1.87 2.00 2.09 2.16 2.21 2.24 2.25 2.26 2.27 2.27 2.27 2.28 2.28 2.28 
2.00 1.25 1.56 1.77 1.94 2.07 2.17 2.24 2.29 2.32 2.34 2.35 2.35 2.36 2.36 2.36 2.36 2.36 
2.00 1.33 1.65 1.85 2.02 2.16 2.26 2.33 2.38 2.41 2.43 2.44 2.45 2.45 2.45 2.45 2.45 2.45 
3.00 1.50 1.77 1.95 2.12 2.25 2.35 2.43 2.48 2.51 2.53 2.54 2.54 2.55 2.55 2.55 2.55 2.55 
