4.00 2.77 3.53 3.96 4.21 4.33 4.39 4.41 4.41 4.41 4.41 4.41 4.41 4.41 4.41 4.41 4.41 4.41 
5.00 2.93 3.66 4.08 4.35 4.48 4.55 4.57 4.58 4.58 4.58 4.58 4.58 4.58 4.58 4.58 4.58 4.58 
5.00 3.04 3.79 4.22 4.49 4.63 4.70 4.72 4.73 4.73 4.73 4.73 4.73 4.73 4.73 4.73 4.73 4.73 
5.00 3.10 3.87 4.32 4.60 4.75 4.81 4.84 4.85 4.85 4.85 4.85 4.85 4.85 4.85 4.85 4.85 4.85 
5.00 3.13 3.92 4.38 4.67 4.82 4.89 4.91 4.92 4.92 4.93 4.93 4.93 4.93 4.93 4.93 4.93 4.93 
5.00 3.14 3.95 4.42 4.71 4.86 4.93 4.96 4.96 4.97 4.97 4.97 4.97 4.97 4.97 4.97 4.97 4.97 
5.00 3.15 3.97 4.44 4.73 4.88 4.95 4.98 4.98 4.99 4.99 4.99 4.99 4.99 4.99 4.99 4.99 4.99 
5.00 3.15 3.97 4.44 4.74 4.89 4.96 4.98 4.99 4.99 5.00 5.00 5.00 5.00 5.00 5.00 5.00 5.00 
5.00 3.15 3.97 4.44 4.74 4.89 4.96 4.99 4.99 5.00 5.00 5.00 5.00 5.00 5.00 5.00 5.00 5.00 
5.00 3.15 3.97 4.44 4.74 4.89 4.96 4.98 4.99 5.00 5.00 5.00 5.00 5.00 5.00 5.00 5.00 5.00 
5.00 3.15 3.97 4.44 4.73 4.88 4.95 4.98 4.98 4.99 4.99 4.99 4.99 4.99 4.99 4.99 4.99 4.99 
5.00 3.14 3.95 4.41 4.70 4.85 4.92 4.95 4.96 4.96 4.96 4.96 4.96 4.96 4.96 4.96 4.96 4.96 
5.00 3.12 3.91 4.36 4.64 4.79 4.85 4.88 4.89 4.89 4.89 4.89 4.89 4.89 4.89 4.89 4.89 4.89 
5.00 3.07 3.82 4.24 4.50 4.64 4.70 4.73 4.74 4.74 4.74 4.74 4.74 4.74 4.74 4.74 4.74 4.74 
5.00 2.98 3.64 4.01 4.24 4.36 4.41 4.44 4.44 4.45 4.45 4.45 4.45 4.45 4.45 4.45 4.45 4.45 
5.00 2.83 3.37 3.64 3.82 3.91 3.95 3.97 3.97 3.97 3.97 3.97 3.97 3.97 3.97 3.97 3.97 3.97 
5.00 2.45 2.83 2.98 3.07 3.12 3.14 3.15 3.15 3.15 3.15 3.15 3.15 3.15 3.15 3.15 3.15 3.15 
5.00 5.00 5.00 5.00 5.00 5.00 5.00 5.00 5.00 5.00 5.00 5.00 5.00 5.00 5.00 5.00 5.00 5.00 
