1.00 0.80 1.02 1.16 1.26 1.34 1.38 1.41 1.43 1.43 1.44 1.44 1.44 1.44 1.44 1.44 1.44 1.44 
2.00 0.96 1.14 1.27 1.37 1.44 1.49 1.52 1.54 1.55 1.55 1.56 1.56 1.56 1.56 1.56 1.56 1.56 
2.00 1.05 1.24 1.37 1.47 1.55 1.60 1.63 1.65 1.66 1.67 1.67 1.67 1.67 1.67 1.67 1.67 1.67 
2.00 1.10 1.31 1.45 1.56 1.64 1.69 1.73 1.75 1.76 1.76 1.76 1.77 1.77 1.77 1.77 1.77 1.77 
2.00 1.13 1.36 1.51 1.62 1.71 1.77 1.81 1.83 1.84 1.84 1.84 1.84 1.85 1.85 1.85 1.85 1.85 
2.00 1.15 1.39 1.55 1.67 1.77 1.83 1.86 1.88 1.90 1.90 1.90 1.90 1.90 1.90 1.90 1.90 1.90 
2.00 1.16 1.41 1.58 1.71 1.80 1.86 1.90 1.92 1.94 1.94 1.94 1.95 1.95 1.95 1.95 1.95 1.95 
2.00 1.16 1.43 1.60 1.73 1.83 1.89 1.93 1.95 1.96 1.97 1.97 1.97 1.97 1.97 1.97 1.97 1.97 
2.00 1.17 1.44 1.61 1.75 1.84 1.91 1.95 1.97 1.98 1.99 1.99 1.99 1.99 1.99 1.99 1.99 1.99 
2.00 1.17 1.44 1.62 1.76 1.86 1.92 1.96 1.99 2.00 2.00 2.01 2.01 2.01 2.01 2.01 2.01 2.01 
2.00 1.18 1.45 1.63 1.77 1.87 1.94 1.98 2.00 2.02 2.02 2.03 2.03 2.03 2.03 2.03 2.03 2.03 
2.00 1.19 1.47 1.65 1.79 1.90 1.97 2.01 2.03 2.04 2.05 2.05 2.05 2.05 2.05 2.05 2.05 2.05 
2.00 1.20 1.49 1.68 1.83 1.94 2.01 2.05 2.07 2.08 2.09 2.09 2.09 2.10 2.10 2.10 2.10 2.10 
2.00 1.22 1.52 1.72 1.88 1.99 2.06 2.11 2.13 2.14 2.15 2.15 2.15 2.15 2.15 2.15 2.15 2.15 
2.00 1.24 1.57 1.78 1.95 2.06 2.14 2.18 2.21 2.22 2.23 2.23 2.23 2.23 2.23 2.23 2.23 2.23 
2.00 1.29 1.64 1.86 2.03 2.15 2.23 2.28 2.31 2.32 2.33 2.33 2.33 2.33 2.33 2.33 2.33 2.33 
2.00 1.38 1.73 1.96 2.14 2.26 2.34 2.39 2.42 2.43 2.44 2.44 2.44 2.44 2.44 2.44 2.44 2.44 
3.00 1.55 1.87 2.08 2.25 2.38 2.46 2.51 2.53 2.55 2.55 2.56 2.56 2.56 2.56 2.56 2.56 2.56 
